57.88
4.40
3.96
4.92
3.90
3.79
4.57
4.31
4.27
3.61
5.17
4.14
4.78
4.33
4.15
4.61
4.02
4.51
4.84
4.78
4.01
4.80
4.15
4.80
4.15
3.93
4.53
4.53
5.32
14.38
4.47
4.20
4.88
7.50
4.82
3.80
3.81
4.32
3.87
4.16
3.90
4.16
3.94
4.25
3.96
3.57
3.39
4.00
4.56
3.75
3.79
3.70
4.07
3.71
4.03
3.61
3.37
3.39
3.40
3.72
3.22
3.57
3.31
3.41
3.30
3.40
3.00
2.95
3.05
3.34
3.22
3.01
3.26
3.07
3.45
2.93
3.78
2.92
3.18
3.32
3.57
3.67
3.31
3.17
3.49
3.90
4.17
3.76
4.10
3.94
3.82
3.91
3.80
3.74
3.52
3.11
3.62
3.58
3.31
3.47
3.41
3.36
3.18
3.53
3.53
4.01
3.41
3.57
3.53
4.24
4.07
3.91
3.67
3.34
3.22
3.53
3.19
3.43
3.11
3.82
3.34
3.33
3.33
3.31
3.19
3.24
4.23
3.58
3.49
3.52
3.78
4.40
3.54
3.58
3.27
3.22
3.46
3.13
3.23
3.36
3.16
3.39
3.68
3.68
3.33
3.51
3.52
3.07
3.08
3.18
3.40
3.64
3.69
3.23
3.30
3.26
3.38
3.05
3.40
3.22
3.14
3.55
3.84
3.76
3.84
4.34
3.48
3.65
3.95
3.48
3.53
3.34
3.30
3.36
3.37
3.42
3.86
3.62
3.33
3.20
3.14
3.26
3.55
3.20
3.29
2.99
2.99
3.50
3.53
3.30
3.69
3.46
3.36
3.36
3.66
3.36
3.59
3.67
3.89
3.98
3.51
3.45
3.75
3.65
3.22
3.27
3.41
3.54
3.51
3.73
3.77
3.40
3.52
3.77
3.41
3.42
3.45
3.61
3.34
2.99
3.45
3.36
3.26
3.55
3.57
3.26
3.85
3.46
3.33
3.53
3.39
3.33
3.45
3.90
3.24
3.19
3.69
3.35
3.45
3.73
3.66
3.52
3.82
3.82
4.02
3.62
3.30
3.61
3.69
3.64
3.22
3.13
2.97
2.88
3.39
3.13
3.32
3.57
3.44
3.96
3.69
3.29
3.29
3.40
3.21
3.35
3.45
3.59
3.16
3.22
3.26
3.32
3.44
3.00
3.33
3.21
3.49
3.01
3.47
4.35
3.64
3.63
3.74
3.51
3.23
3.63
3.00
3.28
3.56
3.21
3.31
3.14
3.27
3.56
3.61
3.18
3.80
3.38
3.65
3.40
3.77
3.52
3.27
3.40
3.33
3.65
3.51
3.70
3.26
3.27
3.12
3.20
3.25
3.18
3.31
3.27
3.05
3.82
3.14
3.23
3.18
3.84
3.45
3.31
2.99
3.56
3.68
3.69
3.79
3.51
3.40
3.26
3.13
3.38
3.48
3.72
3.90
3.37
3.72
3.48
3.23
3.58
3.57
3.49
3.56
3.67
3.30
3.31
3.92
3.12
3.21
3.08
3.49
3.30
3.30
3.30
3.25
3.30
3.61
3.21
3.53
3.19
3.43
3.33
3.47
3.39
3.42
3.42
3.31
2.99
3.29
3.26
3.36
4.09
3.59
4.49
4.26
3.96
3.66
4.08
4.00
3.48
4.63
3.57
3.79
3.49
3.26
3.55
3.73
3.38
3.65
3.30
3.25
3.30
3.19
3.38
3.40
3.39
3.63
3.51
3.48
3.62
3.15
3.38
3.22
3.46
3.20
3.51
3.27
3.73
3.47
3.77
3.81
3.92
3.61
3.36
3.87
3.71
4.26
3.31
3.33
2.84
2.96
2.98
3.42
3.26
3.65
3.51
3.32
3.23
3.45
3.25
3.34
3.25
3.82
4.11
3.60
3.69
3.36
3.47
3.79
3.47
3.64
3.39
3.73
3.30
3.37
3.30
3.64
3.94
3.68
3.27
3.51
3.15
3.31
3.24
3.20
3.03
3.12
3.34
3.53
3.22
3.40
3.41
3.71
3.97
3.38
3.98
3.61
3.37
3.38
3.25
3.50
3.67
3.31
3.26
3.63
3.55
3.45
3.42
3.70
3.20
3.22
3.47
3.30
3.82
3.78
3.80
3.81
3.54
3.83
3.88
3.77
3.48
3.44
3.41
3.26
3.25
3.55
3.15
3.40
3.66
3.36
3.36
3.42
3.19
3.17
3.57
3.16
3.23
3.49
3.23
3.53
3.64
3.23
3.51
3.58
3.02
3.60
3.36
3.20
3.15
3.47
4.00
3.37
3.51
3.25
3.79
3.08
3.44
3.38
3.57
3.54
3.37
3.86
3.76
3.37
3.21
3.28
3.25
3.57
3.21
3.72
3.48
3.47
3.48
3.60
3.68
3.35
3.53
3.56
3.15
3.46
3.25
3.66
3.06
3.24
3.08
3.25
3.31
3.37
3.27
3.56
3.47
3.73
3.78
3.95
4.05
3.57
3.63
3.57
3.94
3.73
3.66
3.44
3.70
3.20
3.38
3.59
3.70
3.32
3.95
3.58
3.27
3.30
3.29
3.49
3.62
3.37
3.63
3.49
3.15
3.83
3.11
3.82
3.68
3.63
3.38
3.71
3.53
3.66
3.38
3.09
3.14
3.37
3.23
3.82
3.32
3.47
3.68
3.30
2.93
2.96
3.10
3.25
3.29
3.97
3.20
3.39
3.31
3.52
3.81
3.79
3.66
3.67
3.50
3.25
3.54
3.55
3.63
3.52
3.27
3.33
3.38
3.63
3.51
3.48
3.67
3.19
3.41
3.19
3.14
3.23
3.24
3.50
3.33
3.69
3.44
3.11
3.75
3.26
3.61
3.28
3.21
3.48
3.55
3.29
3.61
3.49
3.68
3.77
3.83
4.02
3.64
3.70
4.13
3.59
3.19
3.34
3.38
3.20
3.36
3.18
3.39
3.03
3.38
3.51
3.42
3.26
3.17
3.49
3.43
3.53
3.24
3.50
3.48
3.60
3.49
3.07
3.66
3.42
3.68
3.61
3.54
3.80
3.52
3.69
3.44
3.64
3.59
3.87
3.26
3.56
3.19
3.15
3.09
3.32
3.19
3.69
3.34
3.23
3.16
3.14
3.34
3.51
3.69
3.72
3.32
3.29
3.54
3.57
3.36
3.26
3.23
3.61
3.30
3.39
3.52
3.32
3.74
3.41
3.65
3.92
3.64
4.03
3.63
3.77
3.30
3.70
3.33
3.43
3.28
3.38
3.23
3.35
3.12
3.48
3.18
3.42
3.36
3.53
3.53
3.60
3.56
3.20
3.27
3.45
3.58
3.36
3.66
3.32
3.26
3.30
3.77
3.40
3.14
4.10
3.50
3.16
3.43
3.59
3.64
3.67
3.59
3.49
3.61
3.51
3.43
3.16
3.46
3.69
3.28
3.72
3.65
3.80
3.71
3.66
3.72
3.93
3.68
3.44
3.53
3.32
4.08
3.52
3.45
3.26
3.55
3.27
3.61
3.33
4.13
3.35
3.27
3.46
3.33
3.57
3.23
3.29
3.25
3.51
3.80
3.67
3.03
3.27
3.24
3.18
3.62
3.56
3.41
3.25
3.37
3.13
2.90
3.14
3.15
3.45
3.14
3.39
3.29
4.06
3.30
3.58
3.74
3.42
3.05
3.20
3.31
3.19
3.54
3.38
3.49
3.33
3.53
3.27
3.39
3.64
3.68
3.45
3.13
3.47
3.24
3.11
3.21
3.31
2.98
3.20
3.58
3.36
3.70
3.50
3.34
3.40
3.28
3.57
3.41
3.47
3.70
3.86
3.56
3.62
3.39
3.82
3.62
3.23
3.96
3.50
3.52
3.39
3.43
3.44
3.61
3.09
3.82
3.80
4.07
3.63
3.49
3.84
2.99
3.27
3.05
2.98
3.30
3.38
3.26
3.32
3.21
3.47
3.48
2.94
3.21
3.77
3.26
3.34
3.82
3.78
3.58
3.62
3.59
3.50
3.42
4.00
3.21
4.49
3.55
3.01
3.38
3.24
3.43
3.46
3.50
3.34
3.50
3.16
3.51
3.13
3.40
3.65
3.60
3.32
3.46
3.27
3.56
3.08
3.43
3.04
3.91
3.62
3.41
3.58
3.28
3.74
3.77
3.35
3.96
3.74
3.62
4.10
3.58
3.72
3.99
3.61
3.54
3.92
3.62
3.25
3.44
3.55
3.38
3.39
3.42
3.70
3.10
3.04
3.47
3.12
3.23
3.19
3.45
3.44
3.84
3.22
3.37
3.96
3.28
3.95
3.64
3.34
3.56
3.61
3.48
3.77
3.57
3.43
3.66
3.45
3.33
3.38
3.04
3.46
3.20
3.47
3.64
3.16
3.50
3.37
3.64
3.40
3.50
3.42
3.61
3.77
3.43
3.41
3.76
4.01
3.50
3.96
3.64
4.09
3.68
3.82
3.55
3.51
3.63
3.73
3.63
3.60
3.77
3.57
3.60
3.11
3.32
3.46
3.72
3.30
3.40
3.62
3.25
3.30
3.14
3.23
3.22
3.75
3.82
3.48
3.61
3.54
3.82
3.54
3.30
3.39
3.23
3.49
3.69
3.78
4.01
3.55
4.15
3.55
3.31
3.91
3.57
3.44
4.14
3.55
3.30
3.85
3.87
4.06
3.76
3.18
3.52
3.61
3.15
3.86
3.17
3.12
3.37
3.57
3.64
3.35
3.56
3.53
3.84
3.30
3.29
3.94
3.28
3.25
3.99
3.41
3.72
3.87
3.74
3.81
3.72
3.70
3.29
3.58
3.66
3.83
3.76
3.44
3.38
3.09
3.56
3.19
3.31
3.80
3.22
3.53
3.38
3.50
3.45
3.72
3.60
3.51
3.93
3.62
3.51
3.60
3.70
3.43
3.74
4.00
3.32
3.44
3.43
3.57
3.62
3.38
3.47
3.50
3.43
3.47
3.67
3.61
3.56
3.50
3.11
3.51
3.40
3.02
3.15
3.50
3.64
3.34
3.18
3.55
3.36
3.38
3.17
3.49
3.17
3.39
3.34
3.66
3.88
3.55
3.68
3.58
3.89
3.42
3.44
3.50
3.70
3.33
3.51
3.63
3.42
3.37
3.41
3.46
3.46
3.43
3.72
3.55
3.92
3.29
3.70
3.52
3.59
3.56
3.76
3.47
3.56
3.26
3.13
3.45
3.64
3.69
3.13
3.74
3.53
3.27
3.35
3.41
3.01
3.37
3.62
3.60
3.69
3.59
4.06
3.63
3.26
3.53
3.39
3.07
3.71
3.45
3.36
3.19
3.59
3.64
3.11
3.07
3.25
3.77
3.27
3.27
3.76
3.43
3.36
3.46
3.83
3.56
3.36
3.32
3.44
3.43
3.37
3.34
3.20
3.63
3.59
3.42
3.52
3.61
3.46
3.16
3.34
3.47
3.67
3.86
3.48
3.06
3.34
3.43
3.33
3.70
3.61
3.85
3.74
3.47
3.22
3.60
3.34
3.01
3.54
3.23
3.69
3.38
3.66
3.61
3.12
3.62
3.59
4.02
3.54
3.29
3.92
4.44
3.55
3.67
4.25
3.36
3.71
3.57
3.61
3.40
3.00
3.16
3.28
3.74
3.33
3.14
3.24
3.19
3.29
3.55
3.54
4.00
4.02
3.41
3.27
3.36
3.28
3.47
3.15
3.55
3.58
3.18
3.99
3.49
3.27
3.21
3.46
3.49
3.86
3.51
3.51
3.25
3.47
3.27
3.42
3.82
3.57
4.03
3.82
3.39
3.14
3.12
3.33
4.00
3.24
3.24
3.21
3.20
3.68
3.38
3.53
3.60
3.64
3.64
3.65
3.73
3.56
4.08
3.53
3.11
3.56
3.56
3.46
3.45
3.19
3.49
3.37
3.47
3.46
3.61
3.31
3.95
3.56
3.48
3.38
3.72
3.46
3.23
3.21
3.29
3.33
3.53
3.41
3.66
3.30
3.95
4.21
3.24
3.31
3.40
3.33
3.45
3.53
3.75
3.56
3.62
3.66
3.36
3.18
3.42
3.73
3.70
3.49
3.49
3.64
3.96
3.97
3.83
3.28
3.62
3.80
3.32
3.36
3.21
3.57
3.37
3.70
3.65
3.79
3.79
3.88
3.45
3.65
3.69
4.08
4.05
3.95
3.48
3.70
3.98
3.36
3.17
3.23
3.27
3.40
3.36
3.33
3.48
3.54
3.60
3.25
3.50
3.54
3.94
3.32
3.71
3.88
3.39
4.09
3.72
3.41
3.41
3.56
3.58
3.36
3.27
3.10
3.17
3.69
3.54
3.76
3.70
3.87
3.82
3.73
3.92
3.62
3.91
3.81
3.37
3.35
3.41
3.58
3.45
3.65
3.49
3.46
3.12
3.24
3.48
3.24
3.34
3.28
3.71
3.49
3.13
3.77
3.54
3.57
3.40
3.44
3.67
3.47
3.67
3.40
3.41
3.35
3.12
3.70
3.32
3.51
3.54
3.59
3.37
3.28
3.69
3.08
3.10
3.57
3.14
3.66
3.06
3.40
3.80
3.33
3.23
3.45
3.61
3.51
3.48
3.32
3.42
3.15
3.51
3.68
3.13
3.54
3.51
3.83
4.21
3.53
3.92
3.79
3.29
3.77
3.38
3.75
3.53
3.46
3.46
3.11
3.54
3.39
3.40
3.54
3.54
3.32
3.58
3.66
3.13
3.14
3.67
3.74
3.24
3.45
3.57
3.69
3.97
3.89
3.46
3.72
3.84
3.77
3.68
4.02
3.48
3.46
3.38
3.32
3.71
3.37
3.43
3.27
3.32
3.01
3.41
3.36
3.96
3.44
3.48
3.35
3.26
3.59
3.15
3.96
3.77
3.29
3.19
3.26
3.22
3.23
4.20
3.52
3.50
3.31
3.83
3.48
3.68
3.36
3.31
3.88
3.55
3.90
3.53
3.32
3.24
3.63
3.28
3.31
4.26
3.13
3.17
3.47
3.41
3.38
3.57
3.47
3.62
4.01
3.47
3.43
3.67
3.54
3.40
3.81
3.76
3.86
3.62
3.38
3.24
3.91
3.80
3.57
3.40
3.22
3.05
3.14
3.27
2.97
2.97
3.15
3.30
3.42
3.82
3.20
3.91
3.59
3.36
3.59
3.62
3.64
3.42
3.44
3.87
3.78
3.29
3.94
4.52
3.53
3.28
3.77
3.21
3.27
3.79
3.71
3.43
3.31
3.40
3.89
3.59
3.57
3.70
3.82
3.54
3.49
3.50
3.99
3.49
4.20
3.64
3.46
3.55
3.28
3.37
3.64
3.63
3.54
3.49
3.25
3.61
3.58
3.49
3.32
3.55
3.39
3.40
3.24
3.20
3.26
3.31
3.20
3.82
3.34
3.30
3.61
3.50
3.12
3.30
3.63
3.46
3.68
3.54
3.24
4.41
3.64
3.55
3.76
4.18
3.70
3.44
3.54
3.50
4.54
3.63
3.49
3.10
3.73
3.45
3.48
3.50
3.40
3.33
3.89
3.47
3.84
3.96
3.84
3.56
3.77
3.65
3.44
3.58
3.27
3.65
3.41
4.08
3.28
3.70
3.77
4.27
3.77
3.45
3.44
3.15
3.19
3.23
3.29
3.40
3.56
3.68
3.55
3.64
3.57
3.61
3.78
3.29
3.84
3.28
3.44
3.43
3.89
3.59
3.49
4.63
3.55
3.56
3.41
3.92
3.67
3.87
4.08
3.63
3.45
3.56
3.64
3.31
3.21
3.45
3.30
3.10
3.25
3.28
3.07
3.02
3.26
3.07
3.33
3.60
3.28
3.57
3.59
3.30
3.39
3.27
3.42
3.55
4.17
3.23
3.45
3.55
3.78
4.21
3.57
3.51
3.57
3.50
3.35
3.65
3.73
3.36
3.54
3.62
3.84
3.58
3.55
3.33
3.28
3.51
3.13
3.20
3.47
3.19
3.35
3.28
4.02
3.27
3.54
3.41
3.39
3.74
3.16
3.57
3.38
3.34
3.23
3.57
3.37
3.96
3.39
3.93
3.94
3.63
3.49
3.37
3.42
3.59
3.32
3.14
3.32
3.16
3.38
3.22
3.49
3.25
3.56
3.38
3.17
4.36
3.46
3.47
3.53
3.55
3.79
3.49
3.08
3.21
3.43
3.14
3.57
3.70
3.50
3.50
3.89
4.00
3.60
3.47
3.76
3.68
3.30
3.21
3.80
3.29
3.30
3.64
3.23
3.26
3.25
3.19
3.76
3.24
3.34
3.51
3.66
3.38
3.29
3.39
3.16
3.48
3.74
4.06
3.40
3.92
3.64
3.45
3.51
3.52
3.34
3.59
3.38
3.79
3.44
3.11
3.44
3.38
3.36
3.58
3.43
3.22
3.36
3.51
3.49
3.71
3.87
4.12
3.37
3.17
3.22
3.37
3.51
3.73
3.11
3.66
3.29
3.07
3.26
3.47
3.59
3.29
3.77
3.15
3.68
3.64
4.29
3.55
3.89
3.56
3.70
3.73
3.44
3.58
3.87
3.27
3.37
3.62
3.49
3.88
3.45
3.41
3.71
3.40
3.23
3.29
3.35
3.36
3.23
3.23
3.25
3.56
2.97
3.40
3.27
3.42
3.16
2.86
2.87
2.97
2.98
3.40
3.02
3.14
3.07
4.05
3.23
3.23
3.23
4.03
3.44
3.49
3.79
3.32
3.64
3.71
3.66
3.68
3.73
3.59
3.47
3.38
3.27
3.34
3.27
3.49
3.23
3.39
3.26
3.98
3.60
3.76
3.74
3.97
3.38
3.62
3.62
3.23
3.22
3.47
3.65
3.51
3.43
3.32
3.56
3.69
3.81
4.14
3.72
4.29
3.35
3.27
3.99
3.46
3.60
3.06
3.53
3.04
3.39
3.21
3.52
3.38
4.02
3.16
3.32
3.69
3.56
3.68
3.83
3.48
3.47
3.20
3.04
2.98
3.46
3.37
3.80
3.60
3.89
3.21
3.35
3.39
3.37
3.43
3.46
3.43
3.57
3.45
3.49
3.44
3.35
3.63
3.59
3.67
3.39
3.44
3.72
3.58
3.72
3.59
3.67
3.54
3.19
3.77
3.42
3.33
3.50
3.29
3.40
3.63
3.19
3.59
3.12
3.53
3.49
3.28
3.71
3.46
3.29
3.42
3.32
3.28
3.31
3.27
3.53
3.95
3.41
3.22
3.14
3.62
3.93
3.65
3.47
4.18
3.85
3.28
3.48
3.51
3.34
3.30
3.28
3.27
3.52
3.48
3.30
3.73
3.95
3.63
3.79
4.07
3.48
3.54
3.72
3.63
3.28
3.73
3.77
3.54
3.61
3.93
3.67
3.49
3.80
3.81
3.77
4.17
3.56
3.58
3.61
3.47
3.57
3.56
3.33
3.91
3.97
3.35
3.28
3.71
3.86
3.28
3.43
3.47
3.72
3.68
3.42
3.56
3.51
3.83
3.25
3.46
3.67
3.40
3.18
3.19
3.65
3.56
3.30
3.60
3.33
3.26
3.16
3.22
3.00
3.06
3.65
3.39
3.89
3.95
3.49
3.19
3.28
3.28
4.06
3.62
3.99
3.37
3.84
3.26
3.72
3.76
3.66
3.98
3.34
3.87
3.70
3.38
3.57
3.52
3.33
3.51
3.50
3.44
3.74
3.69
3.27
3.38
3.72
3.77
3.40
3.15
3.43
3.21
3.61
3.42
3.10
3.71
3.25
3.34
3.26
3.30
3.28
3.41
3.53
3.40
3.50
3.66
3.44
3.37
3.56
3.24
3.43
3.19
3.38
3.21
3.40
3.47
3.71
3.64
3.39
3.52
3.62
3.39
3.34
3.17
3.29
3.30
3.52
3.42
3.64
3.54
3.38
3.47
4.44
3.52
3.52
3.42
3.82
3.82
3.50
3.21
3.58
3.26
3.62
3.17
3.37
3.19
3.19
3.02
3.42
3.19
3.05
2.98
3.35
3.35
3.31
3.44
3.33
3.65
3.60
3.38
3.79
3.24
3.97
3.47
3.38
3.28
3.63
3.59
3.93
3.50
3.78
3.61
3.63
3.20
3.31
3.63
3.88
3.87
3.34
3.59
3.93
3.36
3.33
3.65
3.49
3.67
3.70
3.79
3.45
3.10
3.43
3.39
3.21
3.61
3.33
3.72
3.33
3.12
3.23
3.88
3.43
3.56
3.77
3.58
3.49
3.37
3.46
3.36
3.69
3.66
3.41
3.56
3.55
3.41
3.92
4.10
3.89
3.65
3.65
3.73
3.51
3.64
3.70
3.46
3.35
3.20
3.10
3.11
3.95
3.56
3.24
3.39
3.64
3.67
3.69
3.55
3.18
3.49
3.59
3.31
2.82
4.01
3.50
3.34
3.42
4.38
3.21
4.34
3.76
3.51
3.51
3.86
3.01
3.41
3.45
3.48
3.27
3.28
3.12
3.20
3.27
3.41
3.21
3.39
3.68
3.44
3.36
3.07
3.34
3.09
3.08
3.11
3.01
3.15
3.43
3.28
3.90
3.78
4.05
3.74
3.97
3.71
3.44
3.61
3.81
3.17
3.33
3.75
3.27
3.37
3.95
3.24
4.06
3.68
3.72
3.60
4.69
4.14
3.50
3.86
3.57
3.67
3.81
3.69
3.93
3.37
3.42
4.03
3.49
3.30
3.64
3.59
3.54
3.64
3.80
3.64
3.58
3.63
4.29
3.41
3.82
3.39
3.94
3.41
3.67
3.39
4.14
3.15
3.30
3.60
3.25
3.34
3.54
3.25
3.55
3.09
3.28
3.56
2.86
3.18
3.09
3.38
3.65
3.25
3.92
3.64
3.16
3.26
3.44
3.36
3.73
3.66
3.94
3.56
3.54
3.96
3.65
3.52
3.61
3.83
4.10
3.76
3.88
4.06
3.89
3.45
3.55
3.63
3.05
3.75
3.73
3.34
3.70
3.43
3.15
3.49
3.57
3.38
3.60
3.65
3.40
3.41
3.57
3.32
3.54
3.89
3.56
3.48
3.88
3.44
3.40
3.83
3.75
3.77
3.38
3.34
3.17
3.21
3.57
3.60
4.23
3.80
3.38
3.21
3.66
3.27
3.19
3.31
3.46
3.57
4.26
3.43
3.66
3.73
3.76
3.41
3.50
4.27
3.76
3.75
3.64
3.94
3.66
4.21
3.99
3.70
3.63
3.56
3.71
3.71
3.95
3.50
4.38
3.75
3.46
3.28
3.86
3.26
3.12
3.50
3.08
3.49
3.21
3.59
2.96
3.16
3.29
3.25
3.74
3.22
3.68
3.43
3.42
3.40
3.36
3.07
3.46
3.78
3.22
3.47
3.70
3.81
3.70
3.40
3.38
3.37
3.48
3.84
3.24
3.33
3.69
3.74
3.78
3.56
3.48
3.89
3.45
3.33
3.43
3.15
4.28
3.14
3.26
3.67
3.64
3.31
3.48
3.97
4.33
3.65
3.31
3.77
3.59
3.26
3.36
3.34
3.98
3.62
3.70
4.00
3.42
3.22
3.56
3.41
3.57
3.79
3.84
3.51
3.46
3.73
3.18
3.10
3.26
3.02
3.16
3.72
3.51
3.64
3.78
3.65
3.10
3.73
3.61
3.73
3.56
3.62
3.63
3.38
3.36
3.43
3.57
3.76
3.61
3.95
3.83
3.10
3.67
3.79
3.47
2.94
3.13
2.94
3.05
3.42
3.47
3.22
3.47
3.45
3.35
3.44
3.44
3.44
3.20
3.17
3.40
3.37
3.47
3.94
3.92
3.50
3.98
3.46
3.34
3.36
3.47
3.34
3.20
3.65
3.82
3.59
3.54
3.53
3.18
3.04
3.18
3.40
3.33
3.84
3.63
3.34
3.62
3.93
3.98
3.76
3.91
3.68
3.21
3.98
3.73
3.52
3.69
3.30
3.04
3.46
3.67
3.57
3.54
4.25
3.87
3.36
3.48
3.48
3.47
3.49
3.46
3.37
3.83
3.66
3.63
3.57
3.34
3.92
3.34
3.60
3.20
3.75
4.06
3.56
3.94
3.92
3.87
3.59
3.23
3.34
2.93
3.13
3.29
3.55
3.14
3.08
3.23
3.35
3.45
3.11
3.12
3.49
3.29
3.37
3.63
3.20
3.17
3.12
3.30
3.75
3.70
3.37
3.67
3.39
3.66
3.72
3.47
3.62
3.89
3.53
3.67
3.39
3.33
3.29
3.28
3.52
3.18
3.36
3.14
3.34
3.42
3.21
3.22
3.39
3.22
3.43
3.45
3.52
3.65
3.44
3.30
3.39
3.44
3.95
3.50
3.40
3.66
3.33
3.53
3.86
3.50
3.52
3.22
3.56
3.48
3.41
3.40
3.64
3.60
3.42
3.11
2.99
3.63
3.13
3.29
3.67
3.39
3.60
3.67
3.92
3.77
3.78
3.91
4.09
3.91
3.18
3.37
3.54
3.55
3.09
3.36
3.85
3.22
3.38
3.45
3.52
3.95
3.23
3.14
3.43
3.34
3.09
3.32
3.23
3.48
3.73
2.94
3.64
3.19
3.24
3.79
3.36
3.43
3.41
3.50
3.33
3.35
3.20
3.28
3.20
3.51
3.24
3.77
3.32
3.49
4.16
3.89
3.96
3.41
3.97
3.33
3.54
3.67
3.61
3.58
3.73
3.24
3.88
3.18
3.13
3.00
3.18
3.54
3.39
3.49
3.13
3.10
3.23
3.29
3.42
3.40
3.48
3.79
3.71
3.23
3.45
3.50
3.32
3.19
3.46
3.14
3.34
3.19
3.10
3.36
3.37
3.33
3.31
3.46
3.35
3.17
3.12
3.16
3.18
3.15
3.25
3.38
3.53
3.28
3.36
3.26
3.70
3.59
3.71
3.77
3.69
3.51
3.39
3.50
3.73
3.36
3.14
3.52
3.75
3.51
3.67
3.49
3.50
3.19
3.30
3.55
3.06
3.51
3.01
3.04
3.10
3.22
3.80
3.53
3.47
3.84
3.28
3.54
3.47
3.32
3.45
3.48
3.52
3.42
3.57
3.36
3.09
3.43
3.39
3.36
2.98
3.69
3.57
3.49
3.40
3.41
3.53
3.35
3.57
3.17
3.43
3.40
3.57
3.00
3.09
3.32
3.68
3.46
3.27
3.32
3.15
3.68
3.61
3.49
3.40
3.60
3.37
3.86
3.27
3.23
3.61
3.48
3.55
3.73
3.70
3.38
4.38
3.54
3.45
3.48
3.51
3.30
3.44
3.45
3.05
3.52
3.17
3.20
3.86
3.35
3.29
3.55
3.46
3.44
3.63
3.41
3.33
3.78
3.59
3.09
3.45
3.32
3.17
3.45
3.14
3.54
3.48
3.40
3.27
3.10
3.07
3.65
2.97
3.34
2.94
3.37
3.41
3.16
3.24
3.03
3.30
2.91
3.09
3.19
3.53
3.30
3.58
3.32
3.63
3.39
3.55
3.47
3.24
3.13
3.59
3.48
3.71
3.47
3.66
3.45
3.31
3.49
3.53
4.15
3.41
3.46
3.55
3.46
3.74
3.33
3.15
3.31
3.32
3.26
3.26
3.46
3.42
3.35
3.14
3.38
3.43
3.23
3.86
3.28
3.71
3.23
3.24
3.49
3.11
3.11
3.39
3.63
3.19
3.40
3.37
3.48
3.62
3.27
3.41
3.61
3.42
3.34
3.11
3.29
3.10
3.10
3.48
3.64
3.32
3.61
3.82
3.48
3.90
3.10
3.12
3.35
3.20
3.00
3.16
3.22
3.15
3.21
3.83
3.76
3.94
3.31
3.33
3.60
3.31
3.23
3.62
3.29
3.44
3.13
3.81
3.20
3.87
3.55
3.20
3.19
3.13
3.21
3.49
3.29
3.26
3.20
3.32
3.38
3.25
3.55
3.09
2.99
3.34
3.09
3.03
3.52
3.44
3.26
3.22
2.93
3.32
3.62
3.03
3.53
3.34
3.20
3.66
3.36
3.46
2.93
2.97
3.28
3.20
3.28
3.52
3.28
3.42
3.34
3.28
3.84
3.39
3.18
3.32
3.78
3.73
3.22
3.22
2.93
3.34
3.39
3.30
3.33
3.62
3.47
3.22
3.07
3.13
3.43
3.48
3.26
3.51
3.48
3.49
3.53
3.47
3.19
3.51
3.69
3.23
3.47
3.33
3.13
3.46
3.27
3.35
3.22
3.31
3.52
3.36
3.37
3.22
3.25
3.43
3.27
3.30
3.88
3.12
3.18
3.04
3.23
3.24
3.26
3.27
3.07
3.00
3.11
3.18
3.36
3.20
3.18
3.53
3.54
3.59
3.26
3.75
3.64
3.36
3.60
3.39
3.17
3.41
3.36
3.17
3.17
3.23
2.99
3.70
3.45
3.60
3.32
3.13
3.20
3.11
3.19
3.31
3.34
3.33
3.69
3.36
3.20
3.34
3.63
3.23
3.32
3.66
3.45
3.54
3.46
3.29
3.47
3.48
3.50
3.20
3.33
3.08
3.14
3.40
3.44
3.61
3.46
3.39
3.27
3.35
3.20
3.35
3.06
3.03
2.92
3.31
3.17
3.30
3.41
3.32
3.24
3.78
3.33
3.15
3.34
3.78
3.02
3.16
3.32
3.33
3.35
3.26
3.21
3.36
3.55
3.03
3.40
3.32
3.34
3.08
3.08
2.96
3.26
3.17
3.69
3.31
3.29
3.20
3.33
3.06
2.89
3.23
3.43
3.62
3.19
3.40
3.48
3.67
3.22
3.65
3.48
3.21
3.55
3.49
3.76
3.51
3.47
3.43
3.37
3.72
3.61
3.17
3.45
3.15
3.36
3.19
3.09
3.35
3.18
3.69
3.31
3.41
3.28
3.44
3.44
3.15
3.33
3.30
3.30
3.04
3.03
3.01
3.39
3.41
3.60
3.08
2.95
3.01
3.24
3.45
3.50
3.37
3.11
3.26
3.38
3.27
3.39
2.96
3.47
3.20
3.20
3.05
3.15
2.89
3.07
2.99
3.07
3.34
3.22
3.24
3.16
3.18
2.91
3.31
3.69
3.12
3.45
3.26
3.42
3.18
3.22
3.50
3.61
3.48
3.72
3.65
3.42
3.39
3.67
3.41
3.18
3.22
3.07
3.82
3.60
3.55
3.52
3.57
3.73
3.50
3.70
3.46
3.65
3.20
3.23
3.15
2.93
3.18
3.38
3.04
3.04
3.29
3.03
3.25
3.18
3.10
3.26
3.08
3.54
3.47
3.36
3.81
3.09
3.20
3.78
3.27
3.12
3.26
3.29
3.32
3.47
3.29
3.72
3.76
3.50
4.02
3.35
3.03
3.21
3.03
3.28
3.05
3.32
3.64
3.41
3.84
3.28
3.59
3.38
3.15
3.32
3.57
3.29
3.36
3.37
3.30
3.19
3.31
3.46
3.46
3.45
3.36
3.44
3.46
3.36
3.58
3.58
3.52
3.20
3.02
3.19
3.31
3.52
3.28
3.12
3.27
3.31
3.13
3.09
2.99
2.94
3.22
3.12
3.18
3.08
3.60
3.22
2.98
3.10
3.06
3.14
3.29
3.82
3.18
3.28
3.46
3.04
3.38
3.27
3.07
3.10
3.58
3.40
3.40
3.76
3.66
3.50
3.73
3.84
3.24
3.28
3.18
3.41
3.22
3.69
3.54
3.53
3.45
3.13
3.21
3.26
3.43
3.44
3.39
3.30
3.62
3.53
3.53
3.26
3.78
3.03
3.31
3.58
3.34
3.53
3.24
3.45
3.55
3.40
3.42
3.75
3.62
3.38
3.43
3.24
3.28
3.36
3.17
2.84
3.14
3.52
3.45
3.34
3.21
3.10
3.05
3.00
3.23
3.02
3.23
3.37
3.56
3.20
3.19
3.63
3.51
3.19
3.12
3.56
3.17
3.95
3.39
3.44
3.63
3.24
3.22
3.34
2.82
2.78
2.95
3.02
3.16
3.17
3.05
3.21
3.81
3.59
3.51
3.35
3.34
3.48
3.35
3.47
3.54
3.54
3.38
3.52
3.76
3.48
3.15
3.18
3.30
3.64
3.74
3.78
3.58
3.87
3.09
3.67
3.49
3.11
3.36
3.24
3.29
2.93
3.45
3.08
3.27
3.20
3.36
3.17
3.20
3.72
3.49
3.44
3.33
3.87
3.45
3.64
3.59
3.56
3.69
3.39
3.34
3.29
3.41
3.41
3.67
3.29
3.51
3.33
3.48
3.12
3.00
3.29
3.24
3.58
3.39
3.33
3.33
3.32
3.61
3.71
3.56
3.23
3.14
3.41
3.22
3.33
3.14
3.13
3.43
3.32
3.41
3.51
3.46
4.28
3.43
3.21
3.61
3.31
3.62
3.26
3.46
3.01
2.92
2.99
2.95
2.89
3.08
3.27
2.89
3.45
3.35
3.19
3.25
3.56
3.32
3.23
3.27
3.11
3.30
3.25
3.39
3.26
3.54
3.13
3.43
3.50
3.44
3.26
3.16
3.64
3.31
3.37
3.55
3.73
3.33
3.60
3.32
3.32
3.26
3.34
4.01
3.27
3.73
3.59
3.35
3.22
3.79
3.47
3.45
3.55
3.20
3.23
3.18
3.13
3.22
3.59
3.42
3.39
3.26
3.19
3.41
3.25
3.29
3.30
3.68
3.48
3.87
3.51
3.43
3.63
3.30
3.10
3.50
3.23
3.55
3.97
3.24
3.63
3.61
3.54
3.16
3.41
3.17
3.24
3.16
3.48
3.12
3.45
3.15
3.37
3.12
3.49
3.37
3.52
3.33
3.29
3.12
3.41
3.57
3.54
3.32
3.66
3.95
3.29
3.02
3.38
3.27
3.43
3.52
3.29
3.52
3.42
3.57
3.80
3.25
3.24
3.38
3.50
3.39
3.21
3.44
3.36
3.67
3.41
3.66
3.67
3.58
3.45
3.68
4.13
3.53
3.44
3.49
3.36
3.64
3.38
3.90
3.51
3.61
3.44
3.32
3.28
4.30
3.30
3.24
3.74
3.36
3.37
3.50
3.63
3.45
3.42
3.26
3.32
3.38
3.42
3.18
3.62
3.63
3.22
3.72
3.58
3.37
3.75
3.31
3.46
3.59
3.36
3.30
3.61
3.68
3.38
3.80
3.39
3.75
3.46
3.60
3.97
3.77
3.48
3.52
3.65
3.92
3.44
3.66
4.02
3.57
3.57
3.46
3.54
4.42
3.69
3.44
3.84
3.49
2.93
3.35
3.03
3.17
3.36
3.84
3.46
3.22
3.50
3.73
3.39
3.76
3.52
3.66
3.32
3.27
3.96
3.80
3.57
3.82
3.43
3.49
3.78
3.40
3.49
3.29
3.74
3.42
3.99
3.28
3.71
3.11
3.60
3.06
3.40
3.00
3.28
3.25
3.34
3.62
3.64
3.26
3.59
3.71
3.24
3.54
3.74
3.84
3.96
3.91
3.54
3.92
3.91
3.85
3.64
3.58
3.70
3.86
3.67
3.93
3.72
3.17
4.21
3.22
3.31
3.46
3.69
3.66
3.46
3.06
3.40
3.32
3.49
3.35
3.59
3.53
4.06
3.79
3.35
3.49
3.69
3.45
3.58
3.54
3.26
3.65
3.14
3.70
3.51
3.33
3.41
4.61
3.34
3.57
3.38
3.46
3.02
3.43
3.64
3.44
3.32
3.61
3.69
3.77
3.50
3.43
3.55
3.20
3.40
3.30
3.61
3.55
3.78
4.04
3.95
3.84
3.81
3.68
3.45
3.84
3.84
3.88
3.65
3.57
3.78
3.21
3.23
3.76
3.44
3.56
3.46
3.52
3.82
3.86
4.01
3.34
3.66
3.63
3.78
3.23
3.63
3.33
3.76
3.75
3.82
3.70
3.95
3.49
3.29
3.61
4.08
3.42
3.28
3.45
3.24
3.46
3.42
3.68
3.68
3.35
4.01
4.09
4.50
3.67
3.77
3.76
3.66
3.46
3.20
3.80
3.34
3.59
3.55
3.75
3.99
4.18
3.45
4.43
3.47
3.64
4.44
3.65
3.37
3.67
3.34
3.68
3.55
3.74
3.84
4.16
3.77
3.50
4.71
4.55
3.30
3.68
3.57
3.50
4.29
3.42
3.51
3.45
4.50
3.47
3.42
3.59
3.54
3.36
3.63
3.45
3.66
3.68
3.52
3.40
4.13
3.59
3.70
3.89
3.68
4.04
3.74
4.02
3.68
3.73
4.07
3.78
3.83
3.66
4.03
4.65
3.47
3.58
3.95
4.18
3.90
3.89
4.10
4.23
3.69
4.22
3.96
3.80
3.86
4.08
3.61
3.84
3.67
3.95
3.43
3.78
4.70
3.26
3.78
3.74
4.97
4.08
3.62
3.68
3.91
3.67
3.75
3.41
3.57
3.65
3.85
3.31
3.86
3.58
3.40
3.34
3.18
3.68
3.30
3.63
3.22
3.65
3.94
4.78
3.72
3.68
3.67
3.73
4.13
4.51
3.68
3.87
3.46
3.44
3.87
4.01
3.50
3.51
3.41
3.76
4.22
4.21
3.84
3.13
3.60
3.57
3.64
3.60
4.44
3.97
4.74
3.99
3.62
3.80
3.62
3.59
3.74
3.67
4.04
3.56
3.97
3.65
3.54
3.68
4.09
4.13
3.75
3.99
3.92
4.19
4.02
4.70
3.78
4.04
4.61
4.10
4.30
4.09
4.10
3.69
4.83
4.06
3.24
3.94
3.76
3.79
3.54
3.83
3.42
3.60
3.55
3.74
3.27
3.47
3.44
3.14
3.97
3.95
3.76
4.99
3.53
3.44
3.61
4.20
3.51
3.96
3.71
3.96
3.39
3.71
3.43
3.72
3.64
3.55
3.59
3.75
3.74
3.55
3.95
3.83
3.19
3.40
3.69
3.61
3.45
4.46
3.67
4.60
4.25
3.50
3.86
3.91
3.69
4.02
3.75
3.69
4.82
3.66
3.55
4.31
3.88
3.76
3.80
3.56
3.56
3.50
3.85
4.35
3.85
5.35
3.37
3.58
3.91
4.74
3.71
3.44
3.35
3.31
4.61
3.48
3.66
4.25
4.99
3.61
3.75
5.14
4.08
3.98
3.37
3.87
3.44
3.63
3.17
3.63
3.92
3.61
3.94
3.69
3.76
3.70
3.88
3.84
4.64
3.82
3.40
3.65
3.87
3.36
3.54
5.29
3.22
3.30
3.57
3.60
3.77
5.02
3.79
3.80
4.96
3.51
4.02
5.31
4.47
3.50
3.55
3.61
3.55
3.56
3.57
3.53
3.77
3.83
3.76
3.62
4.04
3.87
3.62
3.42
4.24
3.97
3.18
3.56
3.58
3.62
3.19
3.70
3.85
3.45
3.32
3.73
4.15
3.22
4.88
3.57
4.19
3.22
3.18
3.10
3.02
3.56
3.47
3.41
3.58
3.40
3.71
3.45
4.09
3.69
4.31
3.65
3.79
3.63
3.45
4.31
3.76
4.03
3.63
3.79
5.24
3.91
5.51
3.92
3.91
3.89
3.73
3.71
4.31
3.90
3.44
3.47
3.68
3.68
4.26
4.20
5.11
3.36
3.78
3.65
3.82
3.58
3.93
4.40
4.14
4.49
4.97
3.60
3.66
3.59
3.55
3.72
3.87
4.21
3.76
3.55
3.65
5.23
3.88
4.08
3.95
3.72
3.46
3.05
3.90
3.70
3.72
3.81
3.58
4.22
3.54
3.98
3.31
3.67
3.35
3.57
3.61
3.49
3.47
3.53
3.45
3.79
3.73
3.44
4.06
3.63
3.99
4.21
4.86
3.61
3.76
3.13
3.60
4.50
3.92
3.78
4.21
5.58
4.51
3.56
5.24
3.69
3.72
3.22
4.00
4.93
3.82
3.68
3.76
4.44
3.72
3.53
3.59
3.61
3.53
3.51
5.02
4.49
4.37
3.73
3.86
3.69
3.87
4.01
3.47
3.39
3.84
3.82
3.54
4.13
3.68
3.91
4.33
4.08
3.76
4.41
4.08
3.78
3.66
3.89
5.42
4.10
4.45
3.68
3.27
3.72
3.58
3.46
3.75
3.73
5.45
4.81
3.37
4.66
3.39
4.07
3.54
3.38
3.32
3.33
4.12
3.31
3.73
3.62
3.69
3.88
3.86
3.65
3.58
3.43
5.62
3.88
3.78
3.59
3.28
3.74
3.53
3.77
4.38
3.59
3.56
3.66
3.53
3.87
5.36
3.52
4.08
3.76
4.02
3.44
4.50
4.70
3.86
3.38
3.66
3.41
4.00
3.44
3.29
3.64
3.85
3.55
3.76
3.41
3.47
4.48
3.61
3.56
3.82
3.48
3.23
3.75
3.80
3.75
3.43
3.96
3.58
3.72
3.93
3.82
3.55
3.73
3.71
3.92
4.09
4.78
3.84
3.60
4.91
3.65
4.14
3.93
3.66
3.92
3.36
4.07
3.75
3.38
3.64
5.09
4.05
3.33
3.32
3.50
3.73
3.40
3.58
3.54
3.50
3.70
3.28
3.72
3.65
3.33
3.58
3.50
3.84
3.91
4.75
3.38
3.97
3.40
3.81
3.34
3.71
3.77
3.62
3.33
3.62
3.70
3.68
3.44
4.05
3.49
3.70
3.49
3.40
3.57
3.91
5.07
3.68
3.17
3.69
4.69
3.96
4.32
3.52
3.56
4.27
3.70
3.28
3.61
3.80
4.85
3.67
3.83
4.22
3.98
4.18
3.32
3.65
3.53
3.46
3.61
3.51
3.60
3.85
3.53
3.27
3.58
3.31
4.23
3.24
3.84
3.79
3.70
3.42
3.46
4.68
3.96
4.63
4.51
3.88
3.36
3.27
3.32
3.69
3.69
4.25
3.60
3.73
3.41
3.48
3.83
3.62
3.74
3.61
3.93
3.57
3.50
3.71
3.91
3.42
3.86
3.85
3.65
3.41
3.78
3.39
3.88
3.74
5.31
3.78
3.68
3.90
4.77
3.65
3.58
3.65
3.43
3.83
4.50
3.31
3.54
3.36
3.69
3.50
3.55
3.63
3.83
3.58
3.52
3.62
4.11
4.44
3.78
4.06
4.65
4.06
3.75
3.65
3.58
4.71
4.02
4.32
3.66
3.59
3.63
4.05
3.57
3.48
3.90
3.50
3.55
3.46
3.58
3.36
3.80
3.41
3.51
3.49
3.48
3.90
3.38
3.72
3.59
3.68
3.42
3.58
3.56
3.76
3.45
4.01
3.56
5.35
3.66
3.37
3.64
3.93
3.84
3.47
3.30
3.28
3.55
3.63
3.46
3.35
3.64
3.74
3.79
3.82
3.56
3.53
3.52
3.79
3.65
3.59
4.26
3.63
4.68
3.66
3.73
3.65
3.55
4.08
3.42
3.09
4.08
3.11
4.91
3.76
3.94
3.33
3.29
3.49
4.29
3.27
3.19
4.46
4.06
3.69
3.42
3.34
3.63
3.41
3.38
3.48
3.44
3.68
3.75
3.91
3.26
3.35
3.71
3.89
3.78
3.61
4.61
3.52
4.04
3.44
3.78
3.71
3.78
3.55
3.62
3.71
3.96
3.68
3.42
3.49
3.48
3.87
3.36
3.57
4.96
3.96
3.41
3.49
3.96
3.77
3.45
3.72
3.72
3.87
4.20
3.86
3.87
3.68
3.44
3.98
3.47
4.91
5.10
4.00
3.62
3.92
3.43
3.31
3.98
3.57
3.79
4.02
3.68
3.37
3.43
3.44
4.79
3.34
4.05
4.12
3.17
3.28
3.66
3.59
4.74
4.10
4.55
3.57
5.03
3.62
3.87
3.33
3.74
3.78
3.53
3.71
4.27
4.13
3.52
4.57
3.40
3.73
5.24
4.85
3.54
3.71
3.52
3.42
3.42
3.59
3.98
3.81
3.42
3.83
3.95
3.96
3.78
3.38
3.89
3.48
3.39
3.67
3.85
3.81
3.37
3.48
3.53
3.56
3.76
4.13
3.48
4.08
3.82
3.76
5.02
3.53
3.72
3.51
3.42
3.87
3.42
3.33
3.53
4.04
3.26
3.46
3.43
3.66
3.41
3.58
3.94
3.43
4.03
3.72
3.65
3.74
5.55
3.54
4.48
3.80
3.76
4.74
3.56
3.73
3.37
3.63
5.33
4.76
3.50
4.01
4.76
3.78
3.65
3.27
3.56
5.06
3.66
4.38
3.91
3.92
5.51
3.87
3.59
3.52
3.61
3.59
4.04
3.66
3.79
3.64
4.17
3.73
3.75
3.93
3.93
3.78
3.69
3.43
3.67
3.60
3.23
3.91
3.87
3.76
4.74
3.76
3.79
4.53
3.37
3.66
3.73
3.68
3.57
3.99
3.58
4.76
3.46
3.50
3.28
3.46
3.55
3.85
4.97
4.60
3.72
3.98
3.85
3.69
3.79
3.46
3.87
4.04
4.28
3.32
3.41
3.76
3.81
3.61
3.56
3.38
3.30
3.68
3.89
3.71
3.69
4.25
3.85
3.73
3.33
5.46
3.31
3.50
4.06
3.26
3.59
3.75
3.45
3.55
4.78
5.04
3.63
3.45
3.13
3.43
3.67
3.53
3.32
3.35
3.43
3.25
3.19
3.69
3.30
3.50
3.92
3.60
3.68
4.89
3.50
3.33
3.36
4.52
3.86
4.36
3.24
3.80
4.27
3.63
3.52
3.49
3.39
3.38
3.72
3.72
3.48
3.53
3.41
3.72
3.86
3.43
3.66
3.84
4.08
3.60
4.45
3.91
4.31
3.96
4.02
3.88
3.80
3.41
3.72
3.36
3.67
4.09
3.06
6.18
3.83
4.98
3.40
3.32
3.68
4.00
3.54
4.90
3.55
3.32
3.20
3.74
4.31
4.04
3.97
4.03
4.12
4.24
3.85
3.52
3.60
4.00
3.39
3.89
3.48
3.63
3.30
3.67
3.59
3.98
3.82
4.93
4.02
3.39
3.42
3.42
3.23
5.51
4.14
3.89
3.90
3.47
3.26
3.45
4.53
3.20
3.85
4.26
3.57
4.27
3.76
3.79
3.64
3.47
3.85
3.55
3.68
3.25
3.55
3.82
4.16
3.55
3.94
3.62
3.43
4.97
3.77
3.39
3.67
4.34
4.07
5.14
5.37
4.23
3.22
3.30
3.14
3.43
3.57
3.22
4.77
3.60
3.03
3.32
3.34
3.75
3.53
3.89
3.42
3.69
3.58
3.57
3.47
3.46
3.71
3.87
3.67
3.69
4.23
4.66
4.34
4.39
4.37
5.74
4.47
4.70
3.88
3.60
4.28
3.27
3.24
3.95
3.59
3.54
3.35
3.27
3.85
3.30
3.85
4.03
4.40
5.54
3.45
4.39
4.81
4.34
3.65
3.25
3.61
3.67
3.22
3.85
4.37
3.37
3.60
4.01
3.36
3.18
3.65
3.25
3.34
3.39
3.41
3.46
3.10
2.97
3.27
3.26
3.20
3.32
3.55
3.25
4.10
3.90
3.63
3.58
3.97
4.19
3.73
4.03
3.83
3.49
3.29
3.17
3.68
3.77
3.87
4.06
4.18
3.25
3.20
4.72
3.32
3.53
3.26
3.63
3.16
3.68
3.56
3.49
3.19
3.46
3.59
3.35
3.24
4.40
3.49
4.64
3.54
3.78
3.51
3.66
3.61
3.38
3.76
3.66
3.80
3.78
3.89
3.67
3.83
3.62
3.66
3.33
3.69
3.54
4.69
3.39
3.36
3.19
3.46
3.48
3.14
4.12
4.31
5.19
3.84
4.54
3.24
3.84
3.43
4.06
3.28
3.49
3.35
3.88
3.95
3.52
3.35
3.39
3.66
3.53
3.60
3.19
4.38
3.39
3.64
4.15
4.24
3.36
3.41
3.96
4.71
3.50
3.45
3.76
3.25
3.36
3.35
3.50
3.13
3.44
3.55
3.42
3.26
3.68
3.71
3.98
3.67
4.05
3.62
3.55
3.48
3.73
3.48
3.82
4.34
3.60
3.84
3.73
3.37
3.20
4.42
3.53
3.38
3.36
3.55
4.83
3.56
3.13
3.31
3.46
3.47
4.08
3.44
3.85
3.51
3.59
4.02
4.68
3.72
4.46
4.35
3.34
3.62
4.81
3.91
3.58
3.49
4.06
3.74
3.59
3.43
4.11
3.39
3.52
3.36
3.87
3.90
3.39
3.59
4.30
3.71
3.82
4.49
3.74
4.17
3.32
3.67
3.96
4.81
4.51
4.54
5.53
3.44
3.74
3.18
3.59
3.97
5.00
4.05
3.96
4.91
5.24
3.46
3.51
3.52
3.45
3.59
3.56
4.23
3.62
3.67
4.71
3.86
3.84
3.51
3.86
3.57
3.55
4.00
3.88
3.36
5.38
4.08
4.12
4.81
3.73
4.26
3.81
3.89
4.78
3.68
4.92
3.59
3.88
3.52
3.48
3.44
3.54
3.37
3.26
3.25
3.76
3.39
4.85
3.68
4.28
3.72
3.88
3.34
4.80
3.35
3.74
4.31
3.89
4.82
3.99
3.85
4.62
3.65
3.63
5.67
3.69
3.98
3.84
3.50
3.60
4.16
3.66
4.03
3.53
3.73
4.56
3.69
5.02
3.70
3.60
3.43
3.43
3.56
3.55
4.06
3.48
4.72
3.49
4.31
4.31
3.57
4.07
3.96
4.22
4.19
3.85
3.43
4.12
3.47
3.34
3.19
4.06
3.41
3.23
5.29
3.40
4.81
3.52
3.42
3.41
4.45
3.77
3.48
3.90
4.34
3.52
3.16
3.71
4.78
3.60
3.46
4.11
3.65
3.91
3.79
3.89
4.10
3.52
4.07
3.11
3.31
3.93
3.25
3.29
3.49
4.27
3.47
3.81
3.40
3.62
3.43
3.58
3.48
3.57
3.58
3.46
3.86
3.31
3.38
3.58
3.44
5.32
3.37
3.30
3.30
5.23
3.43
4.49
3.83
3.78
3.56
4.24
3.83
3.40
3.93
4.12
3.48
3.75
3.54
4.12
3.88
3.67
3.58
3.60
3.37
3.79
3.69
3.35
3.48
3.82
3.75
3.43
4.03
3.57
3.81
4.86
3.32
3.65
3.83
3.72
3.38
3.52
5.24
3.23
3.30
3.61
3.85
3.68
3.58
3.56
3.46
3.31
3.22
3.37
3.72
3.09
3.17
3.18
3.43
3.32
3.23
3.29
3.92
3.47
3.33
3.66
3.60
3.63
3.54
3.65
4.17
3.39
3.56
4.67
3.53
3.84
3.32
3.21
3.41
3.10
3.40
3.55
3.00
3.28
3.93
3.54
3.90
4.46
4.05
3.33
4.39
3.89
3.37
4.01
3.40
3.71
3.67
3.12
3.49
3.68
3.39
3.46
4.70
4.05
3.44
3.53
3.27
3.19
3.54
3.98
4.06
3.68
3.60
3.68
3.11
3.41
3.65
3.29
3.13
3.50
3.28
3.63
3.56
3.47
3.22
4.89
4.61
3.39
3.64
3.42
4.77
3.41
3.31
3.83
5.81
3.46
4.55
3.46
3.73
3.57
3.49
4.19
3.84
3.44
3.62
3.76
3.62
3.82
3.70
5.19
3.48
4.45
3.65
3.50
3.47
3.13
3.55
3.59
3.70
3.30
3.79
3.34
3.46
3.79
3.56
3.86
3.23
3.87
4.30
3.30
3.45
4.24
3.88
3.56
4.82
3.98
3.56
4.54
4.78
3.64
3.67
3.46
3.33
3.19
4.97
3.32
3.72
3.28
4.25
3.38
3.38
3.89
3.65
3.77
3.51
3.91
3.85
4.60
3.58
4.68
5.13
3.43
4.58
3.67
3.48
3.64
3.77
3.76
3.59
3.56
4.26
3.35
3.66
3.74
3.67
3.79
3.26
3.32
3.22
3.76
3.32
3.53
3.65
3.53
3.88
3.90
3.65
3.71
3.36
3.73
3.85
4.10
3.49
3.77
5.20
4.52
3.49
4.98
3.53
4.60
5.04
3.26
3.57
4.87
3.86
3.54
3.45
3.64
4.10
4.00
3.63
3.43
3.40
4.07
3.68
3.72
3.48
3.61
4.19
5.19
3.52
3.58
3.44
3.33
3.38
3.78
3.65
3.86
4.16
3.27
4.84
4.00
4.52
3.46
3.53
3.42
3.09
3.40
3.40
4.13
3.43
3.59
3.63
3.65
3.44
3.34
3.37
3.44
3.82
4.35
3.67
3.53
3.36
4.33
3.69
3.22
4.03
3.30
4.82
4.02
4.71
3.92
3.53
3.54
4.04
3.80
3.29
3.78
3.32
3.71
3.43
3.67
4.84
4.19
3.31
3.34
4.47
4.98
3.43
3.87
3.11
3.68
4.41
4.06
3.50
3.49
3.37
4.36
3.75
3.22
3.54
4.00
3.71
3.51
3.40
3.53
3.22
3.45
3.57
3.91
3.55
4.08
3.41
3.19
3.83
3.56
3.66
4.49
4.87
4.57
3.81
3.39
4.86
3.47
3.70
3.92
4.00
3.79
5.83
4.41
4.81
3.55
3.23
3.79
3.51
3.20
3.34
3.34
4.05
4.43
3.54
3.64
3.64
4.05
3.88
4.13
3.70
3.11
4.32
3.25
3.76
3.72
4.36
5.08
3.76
3.45
4.94
3.28
4.73
3.36
3.73
3.76
3.61
3.31
3.43
3.71
3.59
3.31
3.38
3.91
3.85
4.03
3.88
5.26
4.83
3.54
3.22
3.46
3.80
3.73
3.93
3.92
3.82
4.33
4.28
4.26
4.48
3.70
3.88
4.13
3.80
4.12
4.70
3.68
3.72
3.32
3.57
3.67
3.38
3.27
3.38
4.96
3.77
3.49
3.71
3.73
3.65
3.73
3.81
3.80
3.68
3.65
3.77
3.53
3.30
3.75
3.54
3.23
3.31
4.47
3.20
3.85
4.14
3.43
3.64
3.55
5.14
3.28
3.57
3.55
5.16
3.34
3.63
3.61
3.71
4.75
4.13
3.87
6.20
3.57
4.32
4.52
3.96
3.52
4.88
3.86
5.39
3.64
5.44
3.26
3.82
4.94
3.81
3.62
3.27
3.36
3.84
4.09
5.17
4.63
3.86
3.96
3.89
3.70
3.65
3.76
3.26
3.45
3.76
3.14
3.27
3.31
3.64
3.48
4.15
3.99
3.44
3.53
3.39
3.39
3.95
3.82
3.91
3.83
4.85
3.54
3.94
3.13
3.90
3.47
3.37
3.86
3.31
3.83
3.90
4.46
3.92
4.85
3.63
3.75
3.48
3.69
3.58
3.42
3.72
3.64
3.28
3.23
3.96
4.48
4.21
3.55
3.79
3.62
3.84
3.92
4.53
3.23
3.49
4.47
3.72
3.73
3.45
5.22
3.59
3.71
3.81
4.38
5.25
4.17
3.71
3.76
3.63
4.98
3.79
3.60
4.22
4.57
3.68
3.58
4.07
3.54
4.14
3.43
3.35
4.02
4.34
3.56
4.04
3.68
4.64
3.91
3.52
3.58
3.53
3.62
3.98
3.70
3.54
3.67
4.77
3.76
3.49
3.92
3.41
4.86
3.07
4.57
3.54
3.40
5.05
3.54
5.35
3.56
3.30
3.56
3.48
4.15
3.71
3.61
3.29
5.05
3.55
3.67
3.52
3.50
4.07
3.81
3.94
5.59
3.62
3.66
3.89
4.28
4.24
3.91
4.75
3.43
5.12
3.37
3.34
4.69
3.27
3.23
3.31
3.94
3.46
3.22
3.30
4.07
3.50
3.38
3.51
3.56
3.56
3.68
4.31
3.69
4.13
3.49
5.66
3.51
3.85
3.66
3.70
3.53
3.94
4.54
3.22
3.96
3.12
3.23
3.95
4.18
3.66
3.55
3.54
3.48
3.97
3.58
3.44
3.41
3.61
3.73
4.88
3.74
3.62
3.60
4.42
4.83
4.29
3.85
4.38
4.03
4.05
4.20
4.01
4.38
4.35
3.66
3.55
3.44
3.15
3.46
4.20
3.58
3.43
3.26
3.18
3.14
3.64
3.41
3.31
3.49
4.14
3.65
5.15
3.23
3.36
3.28
4.01
3.79
3.41
3.42
3.30
3.53
4.22
3.67
3.70
3.42
3.48
3.25
3.44
3.40
3.08
3.22
3.37
4.13
4.68
3.97
5.06
6.56
5.57
3.60
3.13
3.08
3.60
5.05
4.50
3.61
4.71
3.43
3.53
3.59
4.06
4.26
3.47
3.54
3.78
3.89
4.81
3.90
3.47
5.20
3.35
4.40
4.02
3.41
3.08
3.69
3.90
3.30
3.29
3.64
3.84
3.50
3.80
3.62
3.40
4.55
3.42
3.07
3.49
3.56
3.89
4.35
4.73
3.73
4.22
3.53
5.22
3.58
4.31
3.46
3.79
3.58
3.40
3.45
4.94
3.54
3.52
3.23
3.94
4.46
3.71
3.75
4.35
3.63
3.36
3.22
3.84
4.84
4.04
5.11
3.29
4.03
5.63
4.63
3.78
3.33
3.37
4.68
4.58
4.12
3.46
3.88
4.74
4.07
3.47
3.26
3.78
3.83
3.62
4.87
3.52
4.01
3.70
4.84
3.54
4.30
3.75
4.00
3.72
3.66
3.24
3.29
3.51
4.76
3.23
3.21
3.38
3.60
3.35
4.10
3.44
4.70
4.62
4.67
4.62
4.03
4.75
3.25
3.17
3.39
3.22
3.95
3.72
3.38
3.14
3.54
4.63
5.30
3.83
3.68
3.49
4.72
4.60
3.76
3.78
3.86
3.61
5.02
3.32
4.45
3.69
3.53
4.53
4.80
3.56
3.76
3.59
4.19
4.23
3.35
3.59
3.45
3.13
3.26
4.37
3.39
3.52
3.41
3.53
3.60
3.86
5.39
3.79
3.72
4.22
5.55
4.18
3.49
3.70
3.84
3.74
3.51
4.09
3.68
3.35
3.47
4.18
3.19
5.25
3.36
4.69
3.24
3.68
4.00
3.56
3.41
3.56
3.46
3.89
3.39
3.53
3.56
3.50
3.73
3.56
5.17
4.21
4.33
5.01
3.80
3.72
3.34
3.49
3.31
3.50
3.98
3.49
3.70
4.42
3.63
5.44
3.67
3.61
3.48
3.03
3.18
3.45
3.43
3.44
3.12
3.17
4.11
3.88
4.45
3.31
4.57
3.40
3.50
3.47
3.43
3.76
4.12
3.44
3.75
3.61
3.29
4.76
3.79
3.81
3.50
3.23
3.51
3.29
5.49
3.67
3.96
4.45
3.65
4.75
3.47
3.95
3.52
3.23
4.39
3.49
3.80
3.85
3.52
3.53
3.70
4.39
3.32
3.40
3.96
4.37
3.64
3.81
4.68
3.63
3.49
3.79
3.52
5.32
3.98
4.01
3.31
4.41
3.97
3.93
3.89
3.71
3.76
3.61
3.74
3.54
3.60
3.54
4.82
4.42
3.74
4.27
3.71
3.78
3.11
3.72
3.67
3.33
4.00
3.87
3.48
3.73
5.27
4.15
3.57
3.48
4.23
3.44
3.45
3.53
4.50
4.54
3.34
3.69
4.12
3.55
3.26
4.03
3.75
3.11
4.71
4.24
3.50
4.21
3.49
3.49
3.44
3.71
3.49
4.59
3.63
3.29
4.58
3.75
3.68
3.64
3.46
3.41
3.53
4.52
3.75
3.54
3.45
3.55
3.21
3.14
3.80
3.72
3.45
3.39
4.08
3.35
4.77
3.15
3.96
4.24
3.59
3.43
3.50
4.11
3.09
3.47
3.49
3.38
3.97
5.17
3.59
3.65
3.73
3.41
3.23
3.45
3.44
3.52
3.45
3.89
3.84
3.41
3.24
3.59
4.27
3.48
3.31
3.09
5.32
3.46
4.19
3.39
3.50
3.28
3.24
3.36
3.23
4.40
3.65
3.36
3.83
3.95
3.77
3.79
4.18
4.55
3.84
3.71
3.45
3.58
3.85
5.83
4.43
4.86
3.42
3.42
3.32
3.39
3.88
5.88
3.44
4.54
3.53
3.18
3.06
3.41
4.17
3.33
4.04
3.35
3.81
5.61
3.74
4.04
5.10
3.41
3.83
3.69
3.58
3.38
3.71
3.65
3.31
3.56
3.93
3.38
3.05
4.67
3.58
3.36
3.47
3.65
3.53
4.88
4.13
5.04
3.50
3.95
4.51
3.77
3.21
4.99
4.68
4.32
3.97
4.00
4.01
3.99
3.88
4.38
4.07
3.94
5.42
3.71
3.28
3.94
3.82
3.85
3.45
3.35
3.75
4.88
3.42
5.07
4.97
3.63
3.73
3.65
3.53
3.64
3.67
3.82
5.25
3.36
3.24
3.18
3.41
3.26
4.25
3.37
4.01
3.53
3.45
3.28
4.65
4.23
3.71
3.54
3.21
3.58
3.37
3.67
4.00
4.33
4.13
3.37
3.44
3.35
3.98
3.61
3.40
4.56
3.54
3.56
3.83
3.52
3.65
3.39
3.53
5.05
3.41
3.40
2.92
3.71
3.85
4.63
3.93
3.47
3.82
5.27
3.68
3.56
3.91
3.83
3.66
4.84
4.15
4.64
3.81
4.59
3.85
3.93
3.67
3.97
3.81
3.85
5.04
3.39
3.73
3.89
3.39
3.59
3.41
3.99
3.18
3.60
3.61
4.90
3.21
3.58
3.57
4.26
3.77
4.49
3.31
3.91
4.01
3.58
3.41
3.83
3.47
3.35
3.21
3.39
3.41
4.72
3.60
3.88
3.85
4.22
3.57
4.00
3.71
4.35
3.49
5.14
3.56
5.21
3.38
3.48
3.96
3.40
3.38
5.07
3.49
3.44
3.66
3.86
4.03
3.39
3.40
3.63
3.52
4.03
4.40
5.45
3.92
3.96
3.90
3.58
4.47
3.32
4.70
3.80
3.35
3.67
5.44
3.65
3.47
3.57
4.08
3.37
3.68
3.66
3.68
3.50
4.51
3.50
3.91
5.49
3.32
3.80
3.67
3.24
3.35
4.47
3.09
4.40
4.50
3.37
5.24
3.46
3.80
3.54
3.48
3.36
3.33
3.27
3.40
3.72
3.36
4.01
3.23
3.34
3.46
3.40
3.89
4.29
3.64
3.80
3.72
3.66
3.38
3.60
3.63
3.34
3.76
3.44
4.10
4.57
4.86
5.31
3.67
3.62
3.35
3.40
3.71
3.41
4.57
3.69
3.77
4.20
3.55
5.53
4.87
3.67
3.32
3.53
3.73
3.65
4.35
3.70
3.67
3.44
3.62
3.89
3.71
3.41
3.45
3.71
3.43
3.31
3.72
3.77
3.87
3.36
4.04
4.05
4.50
3.20
3.79
3.41
3.32
3.65
3.45
4.60
3.70
3.42
3.58
3.48
3.29
3.59
3.65
3.98
4.61
3.42
3.21
4.52
3.33
3.77
3.37
4.01
4.58
3.40
3.76
3.42
4.41
4.11
3.99
5.14
3.91
4.86
3.85
3.66
3.88
3.88
3.48
3.89
4.49
3.89
3.40
3.41
3.60
4.10
4.02
3.83
3.72
5.15
4.13
3.72
3.80
3.47
4.51
3.41
3.27
3.48
3.54
3.60
5.64
3.53
5.08
3.67
4.25
4.14
3.96
3.88
3.50
3.82
3.54
4.03
3.67
3.70
4.11
4.75
3.62
3.12
4.12
3.40
3.66
3.20
4.72
4.42
4.07
3.64
4.10
3.82
3.69
3.44
4.44
3.33
3.54
3.80
4.21
3.39
3.48
3.35
3.40
5.36
3.87
5.42
4.73
3.68
4.42
3.34
5.11
5.57
3.34
3.56
3.86
4.74
3.66
5.49
5.25
3.18
4.61
5.94
3.64
3.41
6.52
3.49
3.58
3.48
5.39
3.76
3.27
3.36
5.00
3.50
3.11
4.57
3.60
3.65
3.35
3.78
4.73
3.45
3.59
3.53
3.47
3.71
4.56
3.51
3.60
3.46
4.99
3.42
3.75
4.23
3.39
4.34
3.53
5.00
4.21
3.78
3.84
3.52
3.27
3.40
3.35
3.34
3.18
3.49
3.08
3.42
3.29
3.51
3.63
3.47
3.39
3.70
3.19
4.03
3.59
3.57
3.96
3.39
3.51
3.93
4.14
4.97
3.76
3.77
4.36
3.50
4.40
3.78
4.14
3.24
3.23
3.88
3.28
3.33
3.80
3.28
3.45
3.35
3.49
3.00
3.81
3.62
3.23
3.49
3.15
4.22
3.84
3.41
4.84
4.38
4.51
4.55
3.18
4.47
4.61
4.36
4.36
3.54
3.49
3.46
3.56
3.82
3.69
3.29
2.99
3.31
4.58
3.67
3.97
3.62
3.49
3.41
4.18
3.37
3.23
4.01
3.90
3.28
3.23
5.13
3.38
3.24
3.19
3.57
3.04
3.08
4.88
3.66
3.45
4.55
3.85
3.48
3.34
3.48
3.71
3.70
3.43
3.61
2.97
4.71
3.19
3.24
3.61
3.78
5.53
3.97
3.25
4.09
3.32
4.79
5.45
3.37
3.32
3.66
4.30
3.28
3.26
3.12
12.80
3.31
3.49
4.77
3.18
3.41
3.45
3.28
4.09
3.77
3.89
4.56
4.09
3.43
4.12
4.72
3.65
3.57
3.54
3.53
3.81
4.23
4.03
4.02
3.87
4.17
3.65
3.69
3.34
4.59
4.83
3.82
3.43
3.73
3.45
3.52
4.54
3.48
3.69
4.79
4.13
3.45
3.44
3.57
3.23
3.48
3.97
3.60
3.55
4.71
4.87
3.38
3.21
4.41
3.70
4.19
3.33
3.47
3.48
4.24
3.45
3.31
3.76
3.58
3.58
3.45
3.33
4.52
4.15
3.37
3.37
3.65
4.81
3.47
3.84
3.47
3.91
3.38
3.54
3.72
3.98
4.31
3.53
3.48
3.71
3.57
4.20
3.24
3.44
4.44
4.34
3.71
3.08
3.74
3.84
3.66
3.71
3.34
3.81
4.24
3.79
4.39
3.29
3.80
3.61
4.04
3.85
3.50
3.53
3.62
4.14
3.37
3.40
3.93
3.61
3.61
3.34
3.40
3.38
4.72
3.17
3.17
3.36
3.92
4.05
3.61
3.49
4.46
3.49
4.50
3.25
3.39
4.30
4.20
3.45
4.24
3.52
4.45
4.41
3.39
4.67
3.44
4.71
4.38
4.32
3.55
4.04
4.80
3.73
3.61
3.46
3.70
3.10
3.44
4.33
3.79
4.76
3.16
3.43
3.81
3.35
3.51
3.33
3.61
5.08
3.57
3.42
3.45
3.56
3.67
3.26
3.27
3.64
4.40
4.53
3.82
3.57
3.36
4.17
3.53
3.43
3.56
3.62
3.72
3.54
3.52
4.59
3.37
4.88
3.90
3.40
3.43
3.83
3.73
5.00
4.03
4.45
4.84
3.22
4.51
3.76
2.94
4.85
4.41
3.61
4.52
3.63
3.20
3.62
4.29
3.42
3.62
3.67
3.64
3.22
3.29
3.85
3.48
3.59
4.68
5.00
3.68
3.62
3.45
3.93
3.73
4.23
3.46
3.88
4.81
4.76
3.63
3.78
3.50
3.68
3.62
3.53
4.37
3.23
4.39
3.72
3.99
3.91
3.03
3.97
3.42
3.20
3.65
4.36
3.77
3.76
3.97
4.31
4.93
3.84
3.58
3.65
3.57
3.81
3.19
4.51
3.44
3.52
4.26
4.04
3.34
4.99
3.64
3.41
4.45
3.41
3.27
3.48
3.53
3.47
3.38
3.50
3.67
3.77
4.75
3.87
4.31
3.65
3.54
4.70
3.52
3.29
3.74
3.35
3.97
3.89
3.25
3.04
4.10
3.60
3.95
3.70
3.81
4.33
3.46
3.87
4.43
4.03
3.52
3.78
3.68
3.72
3.83
4.66
3.94
3.48
4.54
4.55
3.85
3.17
4.28
4.40
3.61
5.12
4.22
3.69
3.38
4.45
3.18
5.47
3.36
3.71
4.03
3.65
3.43
3.67
3.83
3.44
3.71
3.61
4.29
3.53
4.30
3.22
3.59
3.53
3.48
3.35
3.31
4.82
3.74
3.31
4.74
3.50
3.66
4.66
3.79
3.38
5.30
3.35
4.72
3.39
3.54
3.69
3.48
4.43
4.04
4.69
3.78
5.90
3.68
3.39
3.43
3.23
3.29
3.27
3.59
3.24
4.03
4.02
4.81
3.82
4.48
4.10
5.24
3.51
3.26
3.46
3.67
3.53
4.59
4.12
3.29
3.38
3.58
4.78
3.36
3.27
3.60
3.50
3.96
3.79
3.84
4.20
3.04
3.27
3.83
3.88
3.56
3.11
3.36
3.31
3.44
3.51
3.54
3.40
3.29
3.40
3.25
3.48
3.82
3.31
3.58
3.58
3.34
4.21
3.37
3.40
3.20
3.37
3.10
3.53
3.87
4.08
3.61
4.16
3.57
3.74
3.21
3.54
4.29
3.68
3.46
4.11
4.33
3.48
3.38
3.51
3.50
4.31
4.99
3.49
3.63
3.30
3.33
3.47
3.31
3.29
3.54
3.41
4.00
3.82
4.84
3.50
3.75
3.52
3.11
3.45
3.21
4.15
3.47
4.75
3.94
3.30
3.04
3.25
3.28
4.82
3.62
3.88
3.61
3.46
3.67
3.36
3.84
3.35
4.61
5.11
3.55
3.56
4.58
3.24
3.60
3.52
3.68
3.51
3.39
3.59
3.59
3.60
3.63
3.65
3.47
3.52
3.48
4.61
3.80
4.42
4.03
3.54
5.22
3.40
4.51
3.33
3.30
3.84
4.19
3.40
3.34
4.28
3.50
4.15
3.63
3.33
3.34
5.04
4.72
3.62
3.64
3.30
3.31
4.90
5.18
3.17
3.43
4.70
3.78
3.31
3.59
3.52
3.94
3.67
4.00
4.27
3.48
3.47
3.67
4.42
3.59
3.55
4.24
3.44
3.05
4.41
3.70
4.22
3.31
3.79
3.71
3.42
3.53
3.61
4.18
3.61
3.55
3.37
3.65
4.51
3.43
3.28
3.35
3.45
3.94
3.63
3.57
3.68
3.74
3.81
3.73
3.44
3.48
3.61
4.31
5.12
5.29
4.13
3.81
3.30
3.52
3.34
3.47
3.37
3.50
4.35
4.53
3.90
3.12
3.34
3.24
3.53
3.54
3.45
4.16
3.90
3.63
3.34
3.48
3.61
3.55
4.36
5.12
3.33
3.55
3.40
3.24
4.03
4.01
5.19
3.30
4.15
3.13
3.35
3.45
3.61
3.51
3.55
3.53
3.55
3.58
3.37
3.95
3.42
3.37
3.74
3.41
3.30
4.16
3.42
3.28
3.54
3.60
3.56
