15.97,48.40
10.91,57.76
10.22,62.88
9.41,77.92
9.23,58.82
9.50,68.69
8.81,58.64
9.02,65.36
8.52,50.18
8.83,53.55
8.17,41.53
8.33,53.07
8.20,52.41
7.85,44.40
7.86,40.10
7.33,63.37
6.82,72.02
6.46,75.11
7.20,49.55
7.71,57.63
7.12,62.04
6.94,63.65
6.70,64.18
6.31,71.71
6.29,60.69
6.14,76.10
5.96,77.78
5.67,65.23
5.81,65.94
5.69,53.26
5.88,59.53
5.79,66.62
5.46,61.36
5.33,58.85
5.60,63.51
5.38,67.13
5.61,53.35
5.20,65.15
5.08,54.23
5.42,58.17
5.03,61.53
5.07,80.24
4.68,59.68
4.75,71.67
4.78,67.11
4.96,50.08
4.88,46.35
4.67,70.89
5.15,67.56
4.58,60.54
17.74,77.63
9.86,60.90
6.41,57.21
5.68,69.39
5.58,59.22
5.06,62.81
5.25,57.10
5.26,67.02
5.19,68.62
4.73,56.84
4.40,52.55
4.41,68.75
4.54,58.70
4.47,63.46
4.69,54.35
4.41,84.30
4.56,51.97
4.09,78.74
4.58,78.54
4.32,81.01
4.92,63.44
4.50,76.95
4.23,66.46
4.85,50.81
4.61,71.15
4.64,74.18
4.26,68.90
4.17,56.21
3.96,61.58
4.18,71.21
4.55,90.28
4.06,56.89
4.31,69.91
4.23,63.63
4.66,77.48
4.18,70.31
4.40,51.53
4.40,71.68
4.26,62.71
4.00,53.92
4.65,63.99
4.40,59.89
4.61,53.13
4.33,68.53
3.98,65.67
3.96,80.00
4.06,68.81
4.09,64.73
3.68,69.23
4.18,67.27
10.31,44.52
4.78,67.77
3.67,69.58
4.13,77.66
3.72,79.65
3.82,71.71
4.10,65.69
3.59,66.99
3.50,72.81
3.79,76.99
3.81,64.46
3.76,68.76
3.56,61.27
3.42,60.83
3.50,73.00
3.40,78.03
4.04,71.24
3.24,69.84
3.17,64.45
3.28,59.28
3.29,69.05
3.73,67.08
3.61,62.22
3.37,68.31
3.39,78.79
3.22,85.97
3.05,62.08
3.17,62.02
3.35,77.15
3.25,67.43
3.48,72.18
3.36,89.19
3.26,65.90
3.05,72.34
3.18,51.10
3.08,65.47
3.22,73.66
3.19,60.36
2.98,75.91
2.91,68.00
2.95,52.11
3.44,68.22
3.54,71.54
3.13,72.49
2.90,76.21
3.10,86.42
3.25,71.85
3.57,81.23
3.40,65.04
3.19,73.04
9.19,86.61
3.76,60.87
3.31,71.81
3.04,76.23
2.92,70.02
2.87,63.31
2.64,76.86
2.80,90.10
2.78,72.01
2.84,76.90
2.64,73.89
2.70,62.86
2.66,66.56
2.65,69.55
2.45,67.10
2.50,77.62
2.74,75.92
2.76,80.66
2.74,74.86
2.31,64.25
2.36,62.84
2.52,64.69
2.48,78.14
2.38,69.45
2.45,89.12
2.34,87.89
2.29,67.94
2.27,85.05
2.53,75.32
2.30,78.80
2.34,76.43
2.39,68.11
2.14,81.34
2.18,77.97
2.39,75.08
2.25,84.31
2.33,70.57
2.61,68.07
2.57,77.56
2.20,79.59
2.35,66.24
2.26,71.09
2.41,58.30
2.30,88.62
2.16,72.82
2.38,71.73
2.22,81.60
2.32,73.63
2.18,78.10
2.18,69.15
6.07,56.15
3.05,79.93
2.76,70.91
2.41,79.75
2.52,77.18
2.45,72.23
2.66,76.84
2.38,75.13
2.47,68.23
2.65,74.68
2.48,80.20
2.62,85.54
2.56,79.22
2.31,82.70
2.23,73.01
2.28,83.46
2.70,90.01
2.48,91.84
2.43,75.51
2.37,89.26
2.27,81.49
2.45,77.58
2.33,82.78
2.31,72.30
2.26,70.15
2.42,79.72
2.67,79.39
2.50,84.84
2.18,81.16
2.14,84.98
2.21,71.20
2.30,66.27
2.52,77.47
2.25,76.01
2.40,82.94
2.28,81.14
2.25,80.18
2.14,84.09
2.09,79.41
2.22,69.58
2.12,88.44
2.16,90.29
2.24,75.58
2.17,87.62
2.45,93.95
2.17,77.02
2.04,81.48
2.16,94.65
2.48,85.46
2.16,92.33
7.75,81.82
2.87,89.70
2.25,84.29
2.11,81.94
2.23,73.76
2.03,77.38
1.77,68.85
1.88,87.52
2.19,77.45
1.87,72.94
1.80,81.43
1.97,87.11
1.72,92.15
1.83,90.45
2.01,79.81
1.94,86.75
2.00,82.31
1.84,74.98
2.08,87.04
2.08,70.63
1.86,81.84
2.10,84.26
2.25,86.85
2.01,76.40
1.96,79.74
2.10,77.62
1.83,85.65
1.74,92.12
1.78,85.33
1.75,81.37
2.01,81.02
1.84,77.53
2.03,74.22
2.11,84.43
2.20,87.05
2.09,83.52
2.11,90.75
1.78,87.44
2.01,83.05
2.09,78.88
1.96,86.92
2.07,84.76
1.77,84.50
1.61,90.05
1.74,87.34
1.84,85.34
1.89,86.48
1.95,91.45
1.86,84.71
1.95,83.11
5.86,80.77
2.47,86.30
2.16,88.79
1.95,93.00
1.80,82.26
1.86,92.18
1.79,84.92
1.80,79.64
1.84,84.40
2.07,90.13
1.87,78.53
1.76,78.03
1.86,80.57
1.86,89.22
1.78,84.48
1.89,77.64
2.04,98.24
1.77,80.36
1.84,88.87
1.79,90.46
1.93,92.61
1.80,83.18
1.98,87.69
1.70,79.75
2.01,83.84
1.84,81.92
1.73,86.08
2.11,104.62
1.89,84.94
1.84,88.22
1.76,82.42
1.81,96.46
1.87,86.49
1.85,89.22
1.85,86.38
1.76,90.91
2.04,79.59
2.22,86.21
2.12,86.22
1.97,102.13
2.07,92.05
1.99,81.49
1.81,71.20
2.19,97.24
1.80,93.68
1.97,83.17
1.90,86.29
1.74,97.70
1.78,96.89
1.67,101.24
5.46,83.10
2.47,100.37
2.12,88.88
1.83,82.84
2.06,89.41
1.75,80.90
1.65,83.45
1.91,93.11
1.55,81.60
1.63,83.84
1.85,91.88
1.86,89.21
1.74,82.52
1.77,97.34
2.22,95.23
2.09,83.93
2.03,84.33
1.74,86.13
2.27,84.60
1.97,91.42
1.89,81.40
1.94,85.78
1.88,78.58
2.08,86.26
2.10,90.70
1.79,83.12
1.86,92.43
1.80,94.04
1.93,85.03
1.71,84.06
2.07,98.84
2.27,101.77
2.17,85.43
1.92,90.43
1.88,94.28
1.75,95.22
2.10,92.39
2.09,95.99
1.89,85.82
2.01,73.24
2.07,96.87
1.97,83.59
1.90,88.86
1.87,90.97
1.94,96.66
1.90,81.34
1.77,91.81
1.70,88.95
2.13,92.09
1.88,87.40
4.31,88.11
2.52,84.33
1.74,86.67
1.70,100.45
1.76,98.05
1.74,92.57
1.80,88.35
1.93,82.25
2.15,84.16
2.03,91.77
1.82,76.08
1.77,86.66
2.17,93.58
1.87,83.59
1.62,100.71
2.12,81.71
1.99,94.42
2.03,89.55
1.78,79.94
1.74,82.95
1.75,85.33
1.93,87.87
1.74,90.59
1.97,93.35
1.64,94.33
1.74,88.68
1.68,77.35
1.74,88.95
1.68,94.77
1.50,96.36
1.60,96.62
1.75,86.65
2.03,91.77
1.72,86.25
1.83,94.51
1.93,100.53
1.95,84.83
1.96,89.93
1.75,92.74
1.72,87.92
1.81,99.24
1.75,99.57
1.65,87.98
1.87,83.26
1.63,101.48
2.22,95.13
2.00,93.81
1.68,81.94
1.63,92.05
1.77,97.61
5.12,90.17
2.27,86.43
2.01,85.58
1.72,97.85
1.65,94.48
1.73,90.05
1.72,85.61
1.76,100.38
1.73,100.47
1.85,80.93
1.94,90.08
1.77,79.85
1.59,96.10
1.66,104.76
1.52,97.07
1.73,90.63
1.61,88.42
1.65,97.89
1.75,96.86
1.75,104.84
1.61,89.03
1.66,84.64
1.77,92.06
1.50,89.67
1.64,82.32
2.05,100.51
1.72,86.56
1.82,97.49
1.78,75.04
1.63,89.98
1.81,89.71
2.04,83.65
1.91,91.25
1.71,95.59
1.74,85.95
1.78,87.32
1.61,93.21
1.49,92.92
1.82,91.86
1.62,91.09
1.74,96.25
1.79,97.82
1.50,87.04
2.03,84.21
1.70,87.19
2.15,91.05
1.95,93.79
1.46,92.22
1.74,88.73
1.73,81.81
4.39,98.84
2.85,88.02
1.72,103.34
1.60,96.91
1.74,90.73
1.59,89.59
1.94,87.91
1.64,105.46
1.76,94.37
1.80,79.35
1.67,95.19
1.64,84.03
1.66,77.14
1.68,95.52
1.69,99.25
1.77,92.18
1.55,98.24
1.59,92.40
1.72,80.91
1.88,95.19
2.12,98.22
1.72,96.88
1.51,100.07
1.75,104.00
1.61,92.59
1.74,104.42
1.57,75.88
1.79,93.34
1.73,90.79
2.10,84.67
1.60,88.20
1.63,86.83
1.80,84.63
1.73,88.74
1.68,93.97
1.77,95.42
1.81,90.90
1.74,99.36
1.84,96.18
1.81,93.47
1.58,87.42
1.81,101.61
2.00,87.27
1.67,97.18
1.62,87.19
2.01,92.86
1.73,94.90
1.83,84.46
1.61,79.35
1.59,85.25
2.87,95.32
2.00,90.51
1.80,94.46
1.72,86.42
1.90,86.93
1.63,100.44
1.66,84.32
1.75,98.04
1.63,100.36
1.61,88.60
1.63,102.30
1.65,85.59
1.76,81.01
1.81,103.31
1.64,94.13
1.94,84.34
1.77,92.08
1.65,85.78
1.74,87.72
1.71,91.53
1.69,87.79
1.56,94.62
2.15,91.65
2.09,83.12
1.64,85.90
2.32,96.15
2.20,102.19
2.00,102.37
1.61,85.50
1.67,89.96
1.82,86.00
1.82,95.40
1.81,90.79
1.83,85.39
1.96,95.94
2.00,96.36
1.94,90.72
1.76,95.65
1.74,94.58
1.65,88.01
1.96,94.22
1.77,98.58
2.06,90.42
1.92,104.56
1.88,84.35
1.94,108.13
1.76,108.62
1.78,96.50
1.80,86.21
1.64,99.12
3.67,96.86
2.00,85.74
1.78,103.40
1.82,92.35
1.98,93.64
1.51,86.52
1.66,89.14
1.61,96.42
2.06,97.29
1.65,99.98
1.76,95.26
1.79,100.08
1.92,100.89
1.74,90.86
1.68,96.82
2.04,89.82
2.13,85.16
1.80,101.41
1.64,83.55
1.71,98.78
1.57,93.95
1.64,92.01
1.37,95.23
1.88,89.26
1.87,88.60
1.57,89.43
2.52,85.70
1.66,92.37
1.62,89.21
1.67,99.02
1.82,99.02
1.76,107.04
1.92,82.53
1.95,85.31
2.08,106.25
1.91,96.38
1.54,89.29
1.86,87.82
1.53,95.00
1.83,100.72
1.84,99.36
1.72,101.05
1.97,99.05
1.81,90.51
1.85,91.14
1.90,92.87
1.74,91.23
1.75,93.85
1.96,96.35
1.79,81.60
3.44,100.95
1.70,95.09
1.73,83.94
1.76,96.76
1.71,97.62
2.13,99.66
1.81,99.15
1.71,96.44
1.83,89.12
1.98,103.98
2.77,93.22
1.98,95.60
1.71,96.67
1.96,83.69
1.87,97.73
1.91,89.27
1.77,90.05
1.83,102.49
1.72,90.38
1.62,95.33
1.79,101.28
1.66,104.19
1.69,90.38
1.64,95.72
1.71,100.78
1.54,102.54
1.63,83.81
1.76,106.68
1.56,86.96
1.64,108.14
1.60,103.74
1.52,100.69
1.63,85.16
1.91,94.55
1.77,91.79
1.59,103.07
1.81,106.05
1.52,84.25
1.72,105.85
1.59,93.98
2.24,100.01
2.19,101.70
2.04,89.15
1.70,96.32
1.72,100.66
1.48,92.58
1.59,75.46
1.66,101.60
1.80,91.74
1.65,83.83
3.63,95.52
1.91,96.34
1.67,97.06
1.86,90.63
2.13,104.80
2.15,94.33
1.77,99.26
1.97,97.29
1.97,104.35
1.74,99.67
1.90,97.99
1.77,104.56
1.63,92.31
1.73,99.77
2.24,98.80
1.70,100.10
1.75,91.63
1.97,101.95
1.82,103.33
1.81,95.70
1.73,98.22
2.03,94.02
1.98,111.80
2.00,92.48
2.11,84.00
1.98,94.25
1.87,89.27
1.95,104.73
1.82,99.60
1.95,92.35
1.92,91.54
1.69,100.55
1.58,93.23
2.04,107.14
1.84,88.06
1.79,97.33
1.65,82.73
1.61,92.24
1.61,99.01
2.07,98.88
1.89,90.13
1.65,103.17
1.85,104.36
1.90,93.86
1.77,97.61
1.57,91.33
1.62,95.94
1.46,98.30
1.60,101.94
1.76,83.48
3.48,100.13
2.62,96.58
2.98,94.44
2.08,96.91
1.86,102.03
1.94,106.64
1.60,87.46
1.54,87.36
1.66,100.55
1.76,80.82
2.04,93.93
1.71,91.24
1.68,86.40
1.65,104.17
2.11,102.61
1.88,88.42
1.60,101.73
1.64,105.46
2.01,99.55
1.86,101.93
1.57,99.38
1.74,91.67
1.97,107.74
2.15,100.69
1.64,108.75
1.77,108.01
1.59,93.79
1.69,92.66
1.65,98.57
1.81,99.71
1.73,89.28
2.18,101.20
1.75,96.12
1.60,94.19
1.74,95.91
1.79,94.98
2.04,105.47
2.07,102.51
1.86,96.47
1.57,97.27
1.60,109.95
1.67,98.17
1.85,97.82
1.49,107.58
1.88,107.90
1.71,97.33
1.76,97.32
1.70,105.30
1.76,99.46
2.03,99.81
3.02,97.93
1.81,83.36
2.11,106.77
1.75,98.74
1.77,99.19
1.57,110.23
1.65,91.80
1.70,105.05
1.57,89.55
1.79,99.84
1.50,111.24
1.55,108.92
1.57,99.83
1.74,92.89
2.14,103.04
2.10,87.84
1.92,104.88
1.52,108.70
2.30,89.69
1.60,103.67
1.71,97.07
1.72,95.49
1.63,101.40
1.56,103.19
1.76,109.98
1.77,98.41
1.86,100.54
1.62,104.41
1.63,99.18
1.96,104.60
1.87,107.55
2.17,88.29
2.14,98.76
1.93,82.02
1.94,93.79
1.93,96.69
1.88,98.30
1.68,92.75
1.76,101.76
1.68,96.72
2.21,112.34
1.66,106.50
1.95,106.18
1.78,98.20
1.74,109.05
1.73,108.76
1.64,115.78
1.50,99.53
2.03,109.90
2.08,109.47
2.41,100.94
1.84,100.04
1.73,99.00
1.78,103.47
1.81,92.57
1.82,90.57
1.69,111.88
1.87,111.08
2.14,105.49
1.90,95.69
1.76,95.93
1.71,109.65
1.86,110.37
1.80,112.43
1.74,104.58
1.58,103.53
1.63,103.08
1.94,108.76
1.86,116.93
1.64,90.33
1.75,109.75
1.79,96.81
1.61,98.22
1.85,89.92
1.63,101.32
1.74,91.55
2.05,103.00
1.77,100.66
2.01,87.70
2.12,101.85
1.96,101.62
2.04,108.51
1.86,103.72
2.79,108.67
2.12,100.64
2.00,98.74
1.84,100.75
1.90,97.40
1.88,98.69
2.00,100.37
1.87,104.10
1.79,95.79
2.42,104.42
2.10,107.10
1.71,113.31
1.66,101.50
1.86,91.12
1.85,93.56
1.68,90.33
1.82,100.68
3.64,90.98
1.96,95.46
1.91,100.57
1.83,95.49
1.72,111.78
1.56,107.19
1.74,102.29
2.00,102.98
2.41,112.02
2.44,107.52
2.04,107.25
1.79,115.06
1.90,84.91
1.99,104.08
1.98,88.39
1.96,102.54
2.09,107.61
2.04,98.91
2.12,101.08
2.00,102.44
1.77,100.26
1.98,101.22
1.86,95.64
1.91,101.69
1.89,80.92
2.20,99.55
1.87,73.17
2.14,99.32
2.05,94.08
2.04,109.21
2.61,86.17
2.69,101.98
1.90,93.10
1.82,80.47
1.58,108.62
1.86,100.35
2.10,102.26
1.83,104.34
1.77,106.75
1.82,98.16
2.03,101.95
2.36,108.26
1.89,98.50
1.66,109.81
1.84,92.26
1.80,107.44
2.08,95.07
2.25,96.06
1.96,105.36
2.30,111.81
2.89,108.05
2.03,101.13
1.85,89.63
1.85,100.04
1.94,102.54
1.98,104.00
1.78,93.52
1.50,100.32
1.77,96.31
1.53,103.25
1.77,106.79
1.74,102.14
1.72,97.03
1.97,105.38
1.89,100.76
1.62,111.46
1.80,103.01
1.76,102.50
1.46,89.06
1.49,102.15
1.76,110.37
1.64,97.82
1.91,95.06
1.61,102.53
1.72,96.86
1.65,110.67
1.74,106.74
1.62,98.09
1.64,95.03
1.86,98.80
1.68,102.10
1.44,86.96
2.01,107.28
1.81,93.33
1.58,102.64
1.66,112.00
1.98,80.15
1.93,99.94
1.95,109.94
1.85,105.01
1.65,108.77
1.73,109.56
1.49,116.59
1.86,96.55
1.72,105.09
2.16,109.88
1.93,90.59
2.28,92.89
2.29,79.62
1.78,95.60
2.66,108.04
1.92,110.54
1.79,111.68
1.83,105.00
1.96,103.01
1.89,99.31
1.84,113.78
2.06,112.40
1.68,101.85
1.86,105.91
1.83,110.41
1.73,92.30
1.59,103.77
1.88,84.63
1.69,104.49
1.75,112.65
1.72,97.45
1.98,94.35
1.88,102.68
2.01,106.04
1.69,97.18
2.05,95.85
1.75,106.13
1.80,109.24
1.64,94.43
1.62,97.80
1.63,99.16
1.81,96.47
1.75,101.12
1.80,99.69
2.02,101.45
1.69,102.71
1.75,98.41
2.13,106.30
1.93,101.90
1.83,104.22
1.63,105.07
1.60,107.17
1.51,97.27
1.71,106.25
1.88,108.02
1.89,95.73
1.77,105.83
1.62,107.23
1.86,101.43
1.70,98.07
1.57,88.06
1.77,114.28
1.78,99.64
1.69,104.25
2.81,91.53
2.23,102.45
1.62,99.52
1.93,107.04
1.94,117.31
1.68,107.01
1.77,96.82
1.75,101.46
2.12,102.15
2.03,99.70
1.89,94.54
1.97,97.23
1.85,106.26
1.45,104.67
1.85,108.57
1.83,106.65
2.05,108.04
1.76,103.52
1.73,101.89
1.75,91.77
1.67,108.98
1.70,110.47
2.12,98.51
1.74,110.75
2.02,103.84
1.76,99.56
1.64,108.96
2.04,107.05
1.60,114.49
1.66,98.06
1.72,107.53
1.89,102.02
2.05,77.68
1.82,102.76
1.67,107.32
1.74,103.42
1.93,84.93
1.75,105.70
1.64,88.98
1.76,100.79
1.80,94.91
1.91,116.63
2.04,110.79
1.66,102.07
1.72,94.49
1.92,104.66
1.81,113.59
1.83,102.40
1.66,97.20
1.88,96.45
3.27,91.14
2.15,98.26
1.92,107.27
1.57,106.75
1.86,105.92
1.68,102.33
1.87,110.74
1.88,106.88
1.60,106.94
1.65,105.28
1.90,104.35
2.19,100.33
1.62,100.62
1.57,97.34
1.77,101.33
1.70,107.34
1.83,103.55
2.08,85.70
2.21,101.63
2.26,92.57
2.22,103.21
1.93,100.00
1.85,94.00
1.71,107.51
1.69,90.86
1.80,105.54
1.98,113.91
1.84,95.82
1.88,105.35
1.80,92.18
2.02,104.05
2.26,104.68
1.74,107.86
1.65,114.96
1.54,96.24
1.90,109.52
1.77,103.21
1.57,90.80
1.68,113.07
1.78,104.05
1.87,97.66
1.74,114.71
1.65,102.22
1.90,100.29
1.85,73.78
1.91,106.06
1.61,107.59
1.84,108.17
1.95,112.24
1.65,105.72
2.30,107.78
1.75,113.40
1.56,107.53
1.89,103.64
2.19,67.27
1.58,95.83
1.65,109.08
1.64,80.63
1.89,110.31
1.98,90.60
1.92,98.28
2.20,101.17
1.85,85.71
1.71,101.52
1.93,94.24
1.56,110.05
1.86,107.06
1.77,103.91
1.62,102.83
1.64,101.83
1.78,107.62
1.60,108.08
1.65,96.56
1.90,93.37
1.78,79.30
1.54,105.23
1.85,99.37
1.61,101.57
1.53,92.36
1.73,87.75
1.75,112.65
1.72,97.11
1.77,95.85
2.07,110.32
1.81,99.23
1.93,92.64
1.87,104.44
1.67,97.37
1.51,111.18
1.59,81.81
1.74,99.59
1.99,77.13
2.13,96.34
2.11,103.25
1.73,100.94
1.82,90.04
1.60,100.86
1.75,99.74
2.06,103.23
1.84,90.44
2.57,99.37
1.93,105.71
1.77,102.42
2.09,95.37
1.87,94.98
1.63,91.53
1.66,106.83
1.68,38.69
1.70,89.73
1.66,101.82
1.63,105.47
2.21,114.59
1.75,74.70
1.77,103.97
1.82,92.26
1.68,95.35
1.72,95.33
1.78,104.41
2.04,100.20
2.42,102.83
2.20,34.92
1.76,100.84
1.73,110.15
1.77,112.77
1.68,97.77
1.98,97.17
1.88,97.46
1.66,107.98
1.69,101.86
1.62,80.38
1.83,99.14
2.00,83.40
1.78,100.00
1.83,74.16
1.64,99.57
1.73,96.21
2.08,101.38
2.36,91.40
2.14,105.90
1.91,90.26
2.22,97.29
1.79,103.18
2.27,111.07
1.90,95.92
1.88,109.96
2.07,89.30
1.52,96.53
1.42,117.74
1.68,103.19
1.49,108.24
2.74,97.76
1.77,105.46
2.15,96.80
1.95,96.21
1.82,84.13
1.94,77.89
1.66,104.52
1.91,97.37
1.76,94.80
1.81,103.36
1.75,60.99
1.59,105.06
1.60,64.29
1.66,69.43
1.59,77.57
1.90,93.97
2.10,90.49
1.53,92.52
1.63,108.67
1.73,94.29
1.89,70.07
1.76,61.06
1.66,106.16
1.84,94.75
1.74,68.83
1.78,109.87
1.90,103.69
1.74,111.29
1.90,104.22
1.96,67.71
1.80,76.53
1.98,81.84
2.07,69.63
2.22,91.23
2.09,82.59
1.58,92.69
1.49,97.43
1.93,99.74
1.69,97.67
1.67,91.64
1.64,106.93
1.57,99.49
1.81,82.05
1.69,109.92
1.72,36.82
1.97,98.63
1.68,73.97
1.76,106.35
2.17,90.32
1.95,110.28
3.15,101.35
2.31,100.78
2.84,104.48
2.01,91.60
1.58,92.19
1.78,87.14
1.70,70.84
1.93,76.86
2.00,105.32
1.88,50.35
1.76,94.58
1.67,87.01
1.80,80.28
1.61,91.85
1.77,87.72
1.84,103.47
1.83,90.23
1.70,102.65
1.75,99.50
1.65,90.79
1.59,94.27
1.58,101.08
1.49,105.34
1.76,102.69
1.68,101.06
2.12,100.54
1.78,108.97
1.67,85.38
1.88,107.59
1.83,81.01
1.89,87.34
1.58,103.57
2.02,58.60
1.84,94.17
1.79,77.65
1.91,86.23
2.13,104.40
1.74,105.10
1.61,107.65
1.89,84.32
1.83,81.35
2.07,99.65
2.23,82.52
1.96,106.08
2.08,97.13
1.78,98.20
2.16,68.66
1.74,86.12
1.74,94.51
1.71,110.61
3.45,82.99
2.04,108.29
1.84,83.69
1.58,99.17
1.67,92.96
1.70,90.69
2.15,104.05
2.42,78.38
2.06,103.66
2.25,96.86
1.85,100.86
1.79,95.49
1.77,105.81
1.77,94.57
1.63,103.83
1.66,81.77
1.78,103.95
1.63,101.35
1.75,99.46
1.81,99.78
2.01,98.58
2.03,83.85
1.90,82.19
1.66,94.29
2.09,103.26
1.61,107.43
1.80,98.34
1.71,93.11
1.76,75.45
1.78,96.09
1.84,103.49
1.63,87.07
1.72,91.78
1.74,105.05
2.07,76.24
2.12,101.24
2.07,108.21
2.06,100.46
2.32,83.64
2.22,90.40
1.74,105.54
1.98,89.90
2.17,93.05
1.54,94.29
1.56,97.11
2.16,98.29
2.42,75.41
1.84,83.39
2.07,92.62
1.93,101.06
3.11,103.69
1.92,101.70
1.66,104.59
1.64,85.11
1.79,91.59
1.87,101.50
1.73,105.08
1.94,105.06
1.76,91.09
1.54,77.20
1.63,94.44
1.62,97.14
1.76,81.35
1.74,92.00
1.43,90.60
1.47,104.24
1.87,94.70
2.08,89.94
1.65,71.59
1.66,89.33
1.55,101.46
1.62,70.98
1.73,82.69
2.18,92.67
1.74,75.79
1.67,94.82
1.65,108.15
1.94,87.67
1.85,77.60
1.81,101.42
2.52,95.77
1.73,97.21
1.67,95.55
1.63,108.06
1.87,95.53
1.78,99.73
1.57,97.97
1.73,95.11
1.77,98.64
1.46,84.46
1.57,86.37
1.70,65.82
1.70,112.50
1.47,96.13
1.56,77.93
2.04,98.26
2.61,85.75
1.79,104.82
1.66,93.15
1.55,92.19
2.97,88.73
1.54,88.76
1.77,88.79
1.72,105.11
1.66,78.22
1.93,92.51
1.84,87.60
1.58,102.17
1.82,94.32
1.69,102.08
1.61,95.22
1.64,94.45
1.77,105.65
1.71,92.67
2.25,87.65
1.67,94.21
1.48,96.06
1.64,102.25
1.75,99.62
1.70,84.89
1.84,92.93
1.77,90.91
2.02,101.26
2.01,78.30
1.87,103.66
1.63,80.20
1.76,111.11
1.84,94.12
1.59,92.93
1.44,102.24
1.57,86.43
1.84,86.54
1.65,85.71
1.67,95.99
1.60,98.78
1.81,97.07
1.76,82.63
1.74,90.37
1.70,92.77
1.57,89.49
1.72,91.36
1.67,103.07
1.94,88.80
2.30,101.66
1.93,53.25
2.08,82.64
1.83,57.45
1.84,84.58
1.87,78.39
1.68,88.52
3.34,85.30
1.96,80.46
2.02,93.66
1.94,84.13
1.94,72.36
1.59,74.03
1.55,87.25
1.80,91.12
1.74,64.08
1.65,85.57
1.64,73.66
1.74,85.43
1.98,70.74
1.96,67.51
1.93,88.36
1.82,85.24
1.78,79.09
1.80,83.96
1.86,37.46
1.85,85.73
2.08,51.01
1.85,99.91
1.82,91.52
1.70,81.73
1.70,86.16
1.59,53.19
1.92,77.96
1.88,79.74
2.26,90.69
1.85,103.14
1.78,79.68
2.06,82.02
1.74,60.58
1.88,99.73
1.85,61.19
1.86,89.01
1.51,87.79
1.83,86.33
2.06,73.41
1.53,104.00
1.53,90.24
1.68,82.99
1.91,108.71
2.09,69.81
1.61,71.95
1.71,100.75
1.94,89.62
1.67,80.44
2.37,92.11
2.26,59.68
3.86,69.30
2.17,68.48
1.67,88.27
1.84,73.02
2.07,65.45
1.72,68.06
1.78,95.23
1.82,71.19
1.93,98.46
1.64,83.50
1.41,16.10
1.52,95.78
1.77,62.84
1.62,79.43
1.59,80.40
1.55,77.28
1.51,80.82
1.68,80.76
1.96,79.30
1.89,71.62
2.08,85.65
1.63,93.74
1.69,65.34
1.64,93.61
1.87,68.36
1.86,75.28
1.80,96.70
1.69,79.90
1.85,70.34
1.62,46.67
1.78,95.94
1.60,30.81
1.71,105.74
1.82,86.87
1.67,63.52
2.00,68.61
2.39,79.18
2.05,93.45
2.00,89.71
2.46,97.69
1.88,77.10
1.71,83.67
1.64,68.91
1.62,81.48
1.87,91.75
1.71,67.89
1.54,14.10
1.76,88.61
1.60,60.10
1.81,101.61
3.74,75.88
2.69,75.63
2.42,65.98
2.06,84.04
1.69,96.36
2.07,91.61
2.01,101.12
1.92,98.09
2.38,90.59
2.25,71.00
2.05,79.46
1.68,86.65
2.00,86.30
2.00,68.25
1.87,55.97
1.68,83.55
1.88,76.88
1.83,85.66
1.88,61.14
1.72,94.26
1.86,81.64
1.76,64.00
1.84,72.24
1.92,88.95
1.54,88.83
1.86,87.62
1.97,85.12
1.75,83.73
1.84,76.97
1.62,36.78
1.71,91.00
1.79,63.34
1.61,89.51
1.69,78.81
1.70,84.05
1.81,108.94
1.95,79.94
1.68,73.20
1.67,82.67
1.60,114.92
1.77,99.27
1.85,77.98
1.85,106.95
1.71,80.47
1.86,74.28
2.19,86.00
1.85,94.68
1.66,76.32
1.58,61.87
1.77,82.52
4.16,73.25
2.40,96.88
1.84,88.24
1.77,55.66
1.60,79.71
1.62,81.80
1.60,80.19
1.64,94.96
1.43,104.28
1.55,97.70
1.62,79.49
1.54,39.50
1.98,87.55
1.72,87.16
1.85,103.22
1.60,88.75
1.75,80.32
1.58,74.85
1.80,81.46
1.87,70.57
1.62,78.20
1.78,68.54
1.74,68.80
1.77,79.02
1.64,72.72
1.64,96.97
1.83,68.65
1.78,87.02
2.02,87.50
2.03,88.58
1.59,94.07
1.80,105.99
1.88,105.53
1.74,82.83
1.78,90.70
1.67,97.47
1.70,87.51
1.85,96.96
1.64,90.74
2.41,108.02
1.75,76.72
1.67,90.18
1.76,96.94
1.58,65.68
1.91,94.13
1.83,103.61
1.51,85.36
1.51,95.67
1.73,101.72
1.72,92.44
2.72,96.85
1.45,90.66
1.66,73.09
2.17,89.70
1.94,90.74
1.67,96.59
1.56,75.17
1.47,96.88
1.69,83.95
1.69,87.78
1.69,114.36
1.63,98.74
1.64,88.10
1.59,95.71
1.62,80.07
1.46,102.94
1.68,100.05
1.72,85.30
1.67,106.72
2.09,97.76
2.35,73.03
1.89,104.47
1.75,63.84
1.88,96.27
1.81,73.25
1.92,87.12
2.08,97.05
1.70,75.96
1.91,85.41
1.84,93.09
1.66,84.74
1.61,98.58
1.60,91.83
1.58,96.94
1.60,91.14
1.88,87.35
1.52,62.04
1.84,76.86
1.65,70.13
1.85,97.30
1.61,100.41
1.40,106.34
1.61,96.13
1.80,76.68
1.69,84.13
2.01,86.03
2.00,110.83
2.13,101.30
1.66,97.74
1.73,93.39
2.93,105.48
1.54,104.57
1.68,96.67
1.65,107.35
1.71,108.18
1.62,99.80
1.57,91.28
1.56,47.81
1.48,96.06
1.59,83.01
2.12,102.13
1.98,94.29
1.63,77.85
2.02,100.39
1.64,86.63
1.84,101.02
1.71,97.67
1.64,101.63
1.69,74.06
1.59,106.13
1.71,106.09
1.73,79.87
1.98,98.43
1.78,78.17
1.63,96.43
1.62,80.55
1.74,64.90
1.57,87.07
1.86,101.49
1.92,94.10
1.66,95.13
1.69,81.47
1.96,28.52
1.60,108.58
1.65,93.67
1.82,56.98
1.82,69.42
1.90,70.09
2.44,59.78
2.16,89.96
1.63,75.52
1.66,82.48
1.61,77.96
1.74,89.21
1.77,88.32
1.72,105.99
1.67,84.74
1.91,85.89
1.94,107.80
1.64,101.55
3.03,91.50
2.13,69.40
1.52,90.44
1.69,84.14
1.74,94.12
1.83,95.87
1.79,77.96
1.77,96.91
1.83,86.23
1.72,92.85
1.96,94.30
2.15,105.18
2.05,82.25
1.92,106.44
1.82,91.22
1.60,83.28
1.81,94.22
1.77,101.56
1.66,108.37
2.25,76.64
2.13,98.39
1.86,90.84
1.88,92.93
1.93,61.98
1.86,97.05
1.68,100.80
1.90,93.09
1.83,106.98
1.99,86.01
1.78,95.75
1.66,103.47
1.67,103.38
1.61,74.95
1.83,110.75
1.74,80.06
1.81,83.66
1.75,89.59
1.61,91.11
1.74,105.97
1.75,104.06
1.61,99.97
1.70,105.47
1.71,106.95
1.60,98.17
1.73,99.55
1.93,92.31
1.79,100.13
1.63,101.70
1.83,103.68
1.61,89.33
3.58,98.62
2.58,75.69
2.00,79.25
2.02,93.96
1.90,108.50
1.99,70.35
2.16,78.83
1.75,85.64
1.77,95.18
1.68,104.06
2.04,61.48
1.74,101.09
1.85,85.04
2.08,99.84
2.17,104.06
1.74,61.26
1.96,100.02
1.79,69.96
1.88,104.43
1.80,99.66
1.67,86.70
2.13,87.15
1.99,61.70
1.82,100.45
1.98,86.46
1.69,96.38
1.58,100.25
1.75,109.99
1.56,93.91
1.78,94.82
1.96,106.99
2.22,99.70
1.60,79.81
1.56,94.95
1.88,104.04
1.88,109.59
1.95,77.67
1.65,83.24
1.76,97.49
1.97,79.34
1.99,92.63
1.60,96.94
1.86,95.99
1.92,97.90
1.63,102.06
1.61,77.40
1.80,95.02
1.68,91.79
1.58,92.57
2.00,102.62
3.98,92.45
2.10,90.84
2.01,102.48
2.07,99.37
1.84,88.21
1.82,91.06
2.05,106.56
1.97,89.19
1.77,98.56
2.03,85.64
2.09,89.05
1.99,93.64
1.92,94.17
1.93,94.54
1.97,80.83
1.86,100.63
1.99,94.44
2.02,77.77
1.81,92.84
1.74,102.97
2.07,93.14
1.91,93.16
1.62,92.11
1.69,111.94
1.99,89.66
2.14,97.92
2.22,100.65
2.01,90.29
1.78,106.91
1.98,93.55
2.07,108.52
1.60,97.49
2.04,82.13
2.17,100.30
2.22,103.12
2.19,74.59
2.28,82.36
1.99,88.42
2.07,92.74
1.91,78.80
1.78,84.20
1.81,94.42
1.79,99.23
2.07,99.11
2.07,90.66
2.47,99.92
2.05,104.42
2.24,94.99
2.14,97.05
2.05,96.84
4.13,98.60
2.48,83.59
1.91,84.06
1.70,68.49
1.63,100.69
1.44,96.00
1.65,90.12
2.32,87.90
2.11,95.83
1.69,77.28
1.41,113.31
2.23,93.35
2.45,81.21
1.69,99.78
1.62,92.50
1.70,99.67
1.74,100.03
1.76,82.71
1.61,104.15
1.58,94.33
1.80,94.75
1.96,105.27
2.10,96.27
1.71,96.94
1.55,96.11
1.63,89.98
1.51,90.51
1.69,93.22
1.94,97.01
1.44,88.67
1.82,87.77
1.68,89.11
1.75,107.12
2.05,98.31
1.81,88.87
1.91,92.42
1.54,92.85
1.71,99.96
1.78,88.81
1.47,86.37
1.57,89.60
1.51,93.05
1.58,80.64
1.60,95.12
1.51,92.09
1.60,94.30
1.92,96.64
1.68,91.72
1.67,94.38
1.96,79.60
3.73,95.22
1.77,81.72
1.67,97.98
1.66,84.07
1.64,92.65
1.90,95.03
1.66,91.56
1.62,101.43
1.90,90.22
2.34,103.78
2.48,89.57
1.83,96.72
2.19,85.65
1.82,88.94
1.49,49.43
1.89,84.94
1.94,94.90
1.76,92.57
1.77,91.98
1.62,72.57
1.90,93.63
2.41,96.32
2.24,98.37
1.87,98.04
1.68,76.53
1.76,93.81
1.64,97.51
1.95,81.55
1.84,91.46
1.82,86.89
1.63,100.62
1.69,79.49
2.15,84.14
1.82,96.14
2.07,95.67
2.12,88.52
1.69,96.80
1.65,87.75
1.66,93.18
1.77,80.18
1.52,89.75
1.49,88.02
1.66,89.77
1.70,91.56
1.57,81.63
1.60,92.71
1.99,43.93
2.04,84.75
1.78,94.30
1.80,90.50
2.78,91.76
1.67,81.38
1.68,86.82
1.57,81.63
1.75,91.39
2.50,81.63
2.22,90.07
1.81,83.81
1.76,87.91
1.71,91.10
1.60,98.37
1.66,89.67
1.67,90.98
1.59,96.00
1.86,76.75
1.69,87.02
1.41,82.16
1.49,92.22
1.74,90.30
1.75,85.20
2.05,82.54
1.53,87.14
1.83,71.69
1.88,80.15
1.99,95.21
1.96,77.56
1.82,77.51
1.69,83.69
1.60,88.13
1.65,81.78
1.71,83.91
1.79,95.09
1.63,94.28
1.83,105.38
1.69,64.49
1.77,89.88
1.57,96.43
1.74,92.07
1.58,86.10
2.14,89.96
1.62,85.87
1.57,95.65
1.81,89.69
1.70,84.07
1.67,88.03
1.58,97.87
1.73,85.47
1.68,79.79
1.53,83.97
1.88,96.23
3.27,76.54
2.13,88.95
2.08,72.50
2.52,92.29
2.33,84.63
1.80,74.05
1.68,84.99
1.71,81.10
1.68,82.93
1.63,94.92
1.58,89.89
1.72,89.03
1.69,77.20
1.74,96.52
1.77,81.66
1.92,102.21
2.44,86.85
1.60,80.06
1.61,93.47
1.78,68.42
1.66,84.29
1.78,93.57
1.53,80.22
1.64,81.91
1.69,96.28
1.51,92.45
1.69,85.58
1.78,87.37
1.84,81.56
2.03,79.51
2.04,87.91
1.67,88.28
1.69,85.04
1.76,90.43
1.60,84.03
1.61,85.98
1.48,90.05
1.80,99.42
1.80,79.27
1.55,83.93
1.48,84.86
1.61,85.72
1.62,92.28
1.74,78.92
1.96,62.02
1.65,100.95
1.79,89.80
2.08,81.30
1.96,88.85
1.77,79.28
3.29,86.39
2.09,86.80
2.41,86.99
2.17,78.05
1.89,88.81
1.66,101.47
1.83,80.29
1.91,85.24
1.99,84.98
2.02,80.87
1.78,64.94
2.14,77.56
2.04,71.71
1.59,91.92
1.57,82.71
1.62,76.01
1.90,76.64
1.79,82.17
1.75,71.97
1.70,86.29
1.58,75.90
1.52,79.07
1.78,89.75
1.72,85.25
2.10,93.35
1.83,77.77
1.63,70.81
1.62,89.35
1.50,90.48
1.66,96.46
1.82,89.81
1.72,84.73
1.60,86.61
1.56,92.12
1.73,84.74
1.57,93.25
1.82,77.31
1.94,83.49
1.79,94.95
1.72,80.53
1.87,81.72
2.28,75.90
1.77,85.92
1.68,77.10
2.08,86.97
1.63,84.01
1.67,88.46
1.63,73.28
2.00,77.01
1.86,80.26
3.15,91.53
1.90,85.52
1.66,79.76
1.55,70.05
1.50,80.56
1.57,75.70
1.65,93.10
1.53,70.86
1.44,82.97
1.52,83.28
1.80,77.53
1.66,79.21
1.85,75.62
1.53,72.89
1.82,86.13
1.65,85.02
1.65,80.35
1.62,89.88
1.57,83.38
1.52,70.93
1.90,65.63
1.68,71.76
1.74,84.91
1.65,86.02
1.60,72.26
1.60,85.57
1.49,86.86
1.69,82.61
1.55,88.13
1.50,80.33
1.63,89.93
1.64,88.32
1.42,73.23
1.45,84.00
1.70,75.33
1.50,78.35
1.74,86.25
1.60,83.29
1.69,74.29
1.74,76.96
1.79,78.32
1.85,87.70
1.55,77.27
1.59,78.10
2.03,76.05
2.17,66.33
1.90,78.96
1.44,95.35
1.77,81.51
1.41,75.90
2.82,75.91
2.18,80.99
1.66,54.53
1.54,80.73
1.59,84.14
1.74,76.84
2.09,73.37
1.63,75.36
1.77,80.61
1.60,84.50
1.74,81.62
1.64,70.14
1.72,76.42
1.82,89.02
1.79,83.22
1.81,77.76
1.89,84.41
1.45,80.30
1.61,86.04
1.85,88.79
1.76,84.49
1.82,79.42
1.97,70.90
2.17,67.04
2.01,92.79
2.22,74.04
1.73,69.39
1.63,72.73
1.71,85.30
1.63,91.94
1.69,84.20
1.69,83.02
1.52,66.62
1.71,71.86
1.75,72.83
1.78,76.82
2.05,80.26
1.84,80.16
1.75,69.81
1.91,75.86
1.99,81.27
1.77,64.12
1.67,89.55
1.67,79.34
1.56,96.51
1.86,79.44
1.82,83.92
1.71,79.22
1.73,71.65
1.82,65.04
2.96,90.65
2.14,80.59
1.81,67.81
1.74,86.30
1.57,80.13
2.24,79.28
2.12,74.38
2.11,86.02
2.06,75.83
1.75,70.84
2.18,81.29
2.23,82.12
1.79,81.56
1.80,88.27
1.79,84.74
1.69,82.58
1.78,86.38
1.85,68.13
1.74,83.40
1.78,76.15
1.69,88.25
1.79,97.20
1.70,78.50
1.70,72.49
1.88,80.99
1.83,83.95
1.90,79.70
1.69,103.85
1.78,85.60
1.90,82.63
1.97,87.06
2.13,83.01
2.05,84.36
1.80,78.48
1.77,64.72
1.54,60.33
1.99,69.04
2.01,70.18
1.97,78.01
1.63,80.46
1.69,85.93
1.77,94.13
1.56,88.10
2.03,70.56
1.76,92.54
1.98,83.33
1.77,82.77
1.91,87.08
1.72,76.43
1.62,78.50
2.77,85.73
1.77,74.42
1.58,73.81
1.54,79.68
1.53,68.68
1.46,78.72
1.53,88.42
1.56,79.87
1.60,76.35
1.77,81.18
1.87,72.08
1.66,70.90
1.37,66.10
1.64,70.35
1.58,90.24
1.74,74.68
1.79,80.98
1.59,74.97
1.85,83.50
1.71,76.77
1.80,63.78
1.96,83.00
1.72,80.05
1.50,77.45
1.74,73.98
1.77,78.85
1.80,75.42
1.65,66.83
1.67,75.07
1.42,81.82
1.49,86.01
1.71,68.66
1.82,94.96
2.01,76.63
1.73,74.54
1.55,80.38
1.66,82.52
1.65,79.13
1.75,68.83
1.83,86.98
1.63,76.12
1.68,73.45
1.48,79.11
1.45,82.35
1.69,82.50
1.68,80.09
1.58,74.94
1.77,93.45
1.80,74.70
1.58,73.83
3.66,76.42
1.84,77.33
1.79,71.53
1.79,87.23
1.57,74.64
1.85,79.13
1.59,69.60
1.55,73.79
1.59,72.36
1.73,84.61
1.67,71.38
2.05,69.87
2.23,67.52
1.89,84.32
1.99,75.62
1.72,67.63
1.72,72.93
1.60,80.26
1.71,76.05
1.52,72.75
1.97,78.35
1.90,77.95
2.07,86.97
1.88,74.15
1.85,73.62
1.54,66.25
1.42,80.96
1.63,86.20
1.49,90.43
1.76,79.15
1.87,60.87
1.96,71.27
2.23,73.52
2.43,68.68
1.73,72.85
1.60,78.76
1.87,74.73
1.77,75.81
1.62,66.03
1.60,70.77
1.53,72.12
1.45,77.83
2.04,74.12
1.93,65.44
1.57,69.63
1.77,61.90
1.71,51.10
1.75,74.99
1.65,72.92
1.73,81.32
2.51,68.41
1.69,60.29
1.93,84.71
1.59,76.90
1.52,75.23
1.93,73.60
1.91,72.81
1.77,71.35
1.68,71.41
1.66,82.26
1.60,79.78
1.66,80.94
1.75,65.50
1.82,66.60
1.61,71.50
1.79,85.89
1.62,79.48
1.77,91.40
1.78,78.69
1.85,73.08
1.93,79.67
1.77,89.94
1.77,67.57
1.64,64.36
1.73,67.66
1.46,63.71
1.52,68.60
1.60,88.75
1.69,77.72
1.58,67.75
1.78,63.64
1.77,60.71
1.91,69.23
1.61,57.78
1.68,63.20
1.62,64.85
1.89,73.13
1.89,67.84
1.67,73.46
1.67,87.47
1.68,94.55
1.55,80.95
1.58,74.34
1.84,72.24
1.96,73.45
1.99,65.83
2.00,66.16
1.85,59.45
1.41,80.09
1.82,63.38
3.58,71.70
2.57,88.72
1.69,64.39
1.88,77.95
1.53,83.21
1.66,82.11
1.87,52.57
1.65,77.15
1.68,68.31
1.49,64.58
1.94,78.92
1.85,76.48
1.84,61.90
1.92,69.42
1.71,81.66
1.55,64.24
1.39,64.85
1.57,87.92
1.49,71.04
1.66,70.30
1.65,59.18
2.11,70.05
1.75,83.86
1.68,81.59
1.49,63.50
1.61,73.33
1.59,80.07
1.97,91.72
1.65,87.20
1.73,78.36
1.61,70.42
1.51,74.64
1.66,79.52
1.92,76.93
1.88,72.95
1.93,75.80
2.00,62.58
1.59,73.73
1.48,81.04
1.96,77.04
1.62,71.97
1.58,64.86
2.06,87.39
1.86,71.56
1.92,75.34
1.68,74.50
1.82,77.82
1.95,69.10
1.75,85.21
1.84,58.22
3.82,48.75
1.70,50.61
1.75,70.42
1.54,81.19
1.78,72.48
1.55,63.79
2.17,72.34
2.68,67.55
1.83,89.91
1.86,64.06
1.72,65.41
1.76,69.71
1.74,95.24
1.63,63.62
1.55,72.01
1.78,73.97
1.68,67.53
1.81,53.30
1.47,90.00
1.73,87.37
2.19,77.98
2.03,62.48
1.88,59.15
1.84,72.80
1.70,67.40
1.83,68.51
1.53,60.70
1.85,81.91
1.49,74.31
1.57,73.55
1.80,56.24
1.90,83.70
1.91,68.56
1.57,80.71
1.59,65.45
1.84,72.21
1.95,60.18
1.92,39.81
1.65,60.57
1.66,72.33
1.67,76.30
1.52,86.93
1.72,83.90
1.72,68.04
1.87,63.66
1.75,75.35
1.51,37.06
1.62,64.67
1.52,80.21
1.88,60.76
3.31,81.47
2.26,66.23
2.21,71.42
1.78,71.77
1.75,74.75
1.68,71.05
1.88,66.48
1.86,72.23
1.56,44.80
1.61,73.71
1.81,67.50
1.75,55.06
2.02,68.38
1.84,64.60
1.76,74.32
1.77,91.84
2.09,85.56
1.97,63.83
2.01,53.90
1.58,63.57
2.16,79.84
1.68,82.46
1.77,81.38
1.83,73.18
1.82,75.72
1.99,76.65
2.03,57.50
1.97,85.27
1.58,79.49
1.73,77.65
1.55,74.50
1.52,71.26
1.55,77.45
1.76,75.85
1.83,62.52
1.57,72.24
1.79,70.26
1.87,56.54
1.66,63.79
1.74,75.60
1.74,78.70
1.79,75.67
1.77,85.79
2.25,74.25
2.54,75.19
2.12,75.79
2.54,77.23
1.70,56.79
1.71,75.02
2.14,54.05
2.70,58.27
1.69,62.74
1.57,79.61
1.63,68.16
1.66,53.45
1.91,52.81
1.81,64.36
1.81,36.62
1.50,56.66
2.00,89.58
1.66,72.54
1.73,64.67
1.70,79.26
1.64,76.78
2.01,69.16
1.57,57.84
1.73,51.64
1.82,83.03
2.56,56.92
2.03,46.96
1.88,42.73
1.94,68.97
1.62,81.01
1.71,66.62
1.76,76.15
1.68,62.10
1.65,56.02
1.82,57.90
1.73,78.72
1.85,81.28
1.89,70.18
1.65,51.35
2.26,72.93
1.89,87.88
1.58,94.25
1.75,60.22
1.58,59.66
1.76,71.77
1.79,75.25
1.59,83.12
1.82,69.76
1.74,75.08
2.04,46.88
1.86,86.91
2.06,94.20
1.85,59.75
1.76,66.06
1.96,75.23
1.83,56.80
1.96,68.17
4.12,67.06
1.94,66.26
1.82,72.05
1.86,64.74
1.65,53.52
1.84,68.98
1.69,71.77
1.91,67.65
1.72,63.39
1.59,71.20
1.41,73.18
1.46,64.56
1.64,79.98
1.76,42.84
1.29,40.31
1.97,70.46
1.97,51.22
1.65,57.88
1.52,53.07
1.78,68.64
1.44,67.28
1.50,83.35
1.53,58.98
1.51,49.37
1.66,73.59
1.46,75.73
1.37,74.50
1.57,89.28
1.67,71.69
2.26,69.14
1.67,67.37
1.95,67.56
2.11,65.40
2.19,63.26
1.88,88.04
1.40,60.39
1.68,80.69
1.74,71.66
1.58,80.61
1.62,70.26
1.61,57.17
1.53,65.70
1.60,82.39
2.12,68.61
1.73,68.06
1.66,58.99
1.59,81.71
2.04,61.93
2.00,72.53
1.67,74.38
2.99,85.79
1.73,87.54
1.59,68.14
1.76,74.58
1.68,59.80
1.48,75.22
1.70,89.21
1.44,68.21
1.51,79.98
1.44,65.15
1.50,68.76
1.68,64.98
1.53,67.75
1.83,91.12
1.61,75.57
1.64,75.80
1.45,81.31
1.43,73.70
1.45,78.14
1.56,58.47
1.71,85.72
1.40,82.66
1.49,72.62
1.55,71.29
1.57,51.40
1.68,84.29
1.77,46.86
1.61,58.28
1.63,66.05
1.62,79.62
1.52,93.35
1.64,93.00
1.90,91.39
1.67,72.16
1.78,57.56
1.58,63.10
1.59,72.53
1.89,79.69
1.55,58.43
1.48,80.36
1.56,59.01
1.94,74.24
1.53,63.44
1.56,77.77
1.63,64.28
1.59,62.08
1.53,76.84
1.71,82.71
1.92,79.17
1.81,50.51
3.33,74.58
1.85,60.90
1.66,57.78
1.74,74.81
1.93,57.73
1.71,81.19
1.92,78.48
1.50,48.66
1.53,65.39
1.82,46.92
1.81,82.47
1.92,57.92
1.59,61.63
1.65,80.57
1.88,34.43
1.66,54.17
1.66,69.60
1.85,79.49
1.77,54.86
1.92,49.39
1.86,54.21
1.64,58.17
1.99,79.81
1.81,71.14
1.90,63.01
1.82,66.63
1.77,58.83
1.51,62.17
1.59,66.46
1.47,71.84
1.48,49.96
1.66,70.92
1.94,71.15
1.62,66.07
1.53,55.46
1.56,56.27
1.60,57.54
1.50,75.22
1.43,53.22
1.75,75.05
1.57,72.84
1.55,62.09
1.49,79.08
1.57,78.73
1.77,87.75
1.61,78.66
1.68,54.66
1.77,63.76
1.80,79.22
1.54,90.52
3.05,65.65
1.69,65.62
1.75,86.57
1.59,76.05
1.78,67.41
1.52,73.39
1.62,79.80
1.70,65.79
1.62,64.52
1.71,50.10
1.71,67.60
1.77,61.76
2.01,75.17
1.91,85.21
1.53,79.70
1.53,28.09
1.62,89.35
1.44,83.74
1.72,98.69
1.76,74.48
1.59,77.84
2.07,64.41
2.00,72.25
1.60,73.42
1.48,68.54
1.82,72.45
1.57,57.40
1.53,59.82
1.40,64.39
1.44,73.53
1.59,84.98
1.43,66.06
1.74,80.56
1.90,74.67
1.58,76.63
1.62,78.64
1.52,66.28
1.54,47.93
1.39,63.29
1.49,78.95
2.02,65.12
1.89,65.64
1.95,60.88
1.60,32.72
1.45,87.20
1.28,83.14
1.57,53.37
1.80,65.83
1.91,75.94
1.94,73.14
3.16,62.13
1.93,56.25
1.80,78.51
1.72,59.33
1.69,83.24
1.71,72.68
1.94,39.03
1.81,49.18
1.39,54.19
1.88,75.24
1.81,67.48
1.73,60.66
1.49,66.97
1.64,64.78
1.60,60.62
1.50,78.72
1.66,74.85
1.79,85.11
1.69,76.32
1.46,73.11
1.65,62.68
1.74,58.60
1.64,83.46
1.54,65.10
1.78,87.34
1.70,67.69
1.70,62.59
1.73,90.48
1.91,51.77
1.68,61.32
1.74,73.39
1.72,63.98
1.51,88.01
1.63,63.64
1.59,66.06
1.70,66.06
1.68,62.07
1.70,71.19
1.84,66.03
2.29,44.06
1.84,78.19
1.58,66.40
1.79,56.83
1.80,75.14
1.80,61.18
1.84,87.50
1.66,94.28
2.02,70.14
1.81,78.34
1.57,74.07
3.34,45.89
2.15,50.14
1.67,45.71
1.78,50.82
1.59,68.76
1.74,36.53
1.71,36.13
1.83,69.50
1.66,29.57
1.85,92.23
1.87,74.14
1.40,54.63
1.83,65.00
1.53,59.94
1.66,51.51
1.73,72.29
1.90,43.57
1.63,43.96
1.80,22.60
1.61,43.84
1.53,90.15
1.41,70.69
1.57,71.71
1.67,75.92
1.76,96.40
2.28,85.47
1.98,86.57
1.74,57.34
1.72,39.67
1.94,42.47
1.75,53.89
1.81,59.99
1.68,51.16
1.57,58.46
1.49,69.61
1.50,51.11
1.68,61.19
1.66,77.64
1.65,56.24
1.83,47.34
1.76,73.24
1.42,54.62
1.44,62.95
1.81,55.43
1.52,100.54
1.64,61.58
1.67,46.96
1.61,36.70
1.66,79.68
1.81,94.42
3.50,57.19
1.81,54.05
1.64,58.76
1.55,71.48
1.66,95.38
1.99,100.42
2.02,-54.24
2.11,61.71
2.20,36.17
2.08,79.72
2.19,64.15
1.85,91.78
1.73,64.21
1.90,40.29
2.20,39.38
1.97,40.71
2.07,42.17
1.78,94.09
1.72,72.13
1.82,79.88
1.88,92.30
1.76,60.51
1.70,71.39
1.77,74.27
1.69,58.82
1.60,85.35
1.96,50.32
1.95,78.64
1.54,76.03
1.64,60.49
1.98,89.51
1.83,62.28
1.88,70.61
1.75,57.50
1.87,50.51
1.78,92.62
1.78,76.73
1.80,54.98
1.69,92.37
1.74,75.07
1.64,66.06
1.66,74.85
1.82,85.43
1.74,74.44
1.60,75.77
1.71,87.61
1.84,92.10
1.94,80.55
1.67,68.40
1.42,89.73
3.50,86.51
1.73,63.40
1.96,53.17
1.69,76.31
1.76,60.58
1.49,74.15
1.71,45.57
1.59,41.82
1.79,74.75
1.65,93.89
1.65,64.40
1.41,60.59
1.78,79.67
1.80,86.26
1.54,79.41
1.73,78.62
1.52,90.34
1.51,52.19
1.41,66.31
1.61,68.11
1.86,79.49
1.39,71.05
1.55,67.90
1.46,91.16
1.50,60.47
1.66,88.67
1.45,62.83
1.69,63.94
1.55,93.10
1.76,65.68
1.70,66.65
1.75,58.80
1.70,34.71
1.60,73.69
1.58,60.33
1.69,77.02
1.80,83.39
1.81,89.93
1.59,58.67
1.45,86.98
1.64,64.27
2.18,76.28
1.71,69.49
1.50,53.19
1.55,59.87
1.63,55.81
1.63,78.73
1.51,67.38
1.74,76.81
1.64,64.62
3.52,79.56
1.92,28.29
1.64,52.91
1.63,49.13
1.77,101.67
1.51,80.91
1.56,74.13
1.75,84.73
1.74,82.16
1.73,56.95
1.52,97.27
1.60,80.74
1.57,64.15
1.73,65.98
1.83,47.59
1.89,83.39
1.76,65.31
1.61,60.18
1.60,86.26
1.50,67.19
1.75,87.56
1.56,62.84
1.90,83.17
1.79,76.60
1.53,66.69
1.49,64.02
1.67,48.41
1.54,66.48
1.49,59.21
1.59,68.10
1.58,63.44
1.79,62.07
1.64,62.33
1.95,81.51
1.57,58.33
1.75,63.44
2.28,26.66
2.11,31.49
2.08,63.61
1.60,61.74
1.64,89.21
1.59,63.88
1.70,69.83
1.69,60.48
1.38,58.29
1.65,72.00
1.49,68.63
1.63,77.70
1.60,58.78
1.73,78.16
4.50,85.91
2.51,41.21
2.18,49.52
2.11,72.28
2.89,80.23
2.76,34.84
2.24,68.00
1.72,68.34
2.03,83.58
1.74,84.84
1.59,68.84
1.79,70.82
1.61,74.76
1.52,86.14
1.73,80.03
1.70,67.09
1.75,64.36
2.05,81.68
1.76,71.04
2.04,-139.51
1.70,67.33
1.74,85.99
1.80,68.13
1.89,86.46
2.04,54.87
2.17,59.29
1.78,95.05
1.83,40.08
1.72,60.40
2.10,87.07
2.19,61.13
2.12,47.09
1.93,50.74
1.78,78.00
1.98,83.52
1.92,62.36
1.88,86.51
1.51,89.50
1.82,63.75
2.00,81.13
2.12,69.24
1.60,73.48
1.56,89.52
1.69,60.70
1.70,75.51
1.78,85.59
1.84,77.94
1.89,70.10
1.48,98.32
1.64,82.35
3.63,82.02
2.76,79.47
1.75,61.64
1.93,90.96
1.79,45.21
1.46,82.58
1.50,83.36
1.49,87.70
1.76,98.00
1.76,79.00
1.96,58.03
1.84,76.70
1.63,79.29
1.55,64.70
1.62,93.03
1.39,82.32
1.48,70.73
1.58,103.15
1.73,82.67
1.79,81.59
1.60,57.24
1.61,71.30
1.83,105.21
1.71,84.01
1.73,89.58
1.91,74.85
2.08,35.38
1.44,67.17
1.81,66.93
1.59,22.97
1.48,65.86
2.01,77.06
1.85,57.31
1.64,75.83
1.76,79.61
1.54,78.59
1.66,75.08
1.76,88.83
1.64,61.92
1.70,70.56
1.63,77.96
1.87,67.71
1.77,50.79
1.49,64.20
1.53,84.41
1.48,57.16
1.62,37.36
1.45,80.15
1.59,42.27
1.60,65.91
3.89,77.97
1.69,61.00
1.54,70.50
1.66,84.98
1.64,77.42
1.47,83.34
1.89,91.82
1.88,66.17
1.82,62.91
1.76,79.83
1.94,99.72
1.72,53.01
1.65,60.27
1.56,73.61
1.60,67.34
1.44,85.31
1.42,63.61
1.51,80.32
1.51,80.27
1.59,97.20
1.62,53.04
1.59,82.17
1.65,79.45
1.62,67.23
1.91,69.83
1.61,54.88
1.72,79.63
1.47,96.68
1.89,65.58
1.55,69.48
1.60,80.63
1.60,71.42
1.74,53.75
1.75,70.79
1.53,61.97
1.73,63.23
1.87,60.26
1.55,66.41
1.53,85.64
1.72,88.58
1.59,80.64
1.62,53.56
1.44,85.31
1.63,62.88
1.73,97.25
1.63,62.59
1.68,92.98
1.98,85.93
1.71,-63.99
1.85,62.81
4.77,88.93
2.21,76.74
1.58,59.82
1.60,57.69
1.65,79.12
1.51,81.44
1.55,80.63
2.17,57.05
1.74,49.07
1.87,74.65
1.42,45.61
1.53,79.51
1.90,89.78
2.08,53.25
1.87,88.35
1.69,69.38
1.71,76.75
1.62,69.53
1.80,88.86
1.78,71.62
1.86,62.96
1.80,61.04
1.56,59.61
1.68,61.42
1.68,93.36
1.53,71.86
1.60,61.94
1.58,68.06
1.68,67.54
1.72,58.14
1.74,45.63
1.86,66.49
1.84,72.68
2.45,32.19
1.92,85.56
1.73,78.71
1.89,51.91
1.53,61.36
1.66,45.20
2.47,58.57
1.85,80.68
1.62,81.39
1.76,77.82
1.68,49.67
1.68,60.43
1.70,92.97
1.64,70.09
1.60,64.24
1.68,89.26
1.70,70.63
2.99,92.92
2.22,41.18
2.08,79.68
1.76,79.95
1.85,88.74
1.87,68.53
1.60,91.11
1.43,74.94
2.00,78.21
1.76,81.28
1.64,90.60
2.03,76.97
1.87,57.46
1.74,45.73
1.54,93.28
1.73,86.29
1.81,66.27
1.77,70.32
1.76,45.00
1.78,94.75
1.62,73.72
1.52,85.83
1.53,72.30
1.48,99.51
1.67,80.99
1.72,77.94
1.96,68.17
1.64,68.64
1.63,74.32
1.64,74.45
1.48,80.52
1.80,86.77
1.95,70.07
1.75,92.42
1.73,93.62
1.49,70.37
1.44,57.10
1.99,66.65
1.82,84.45
1.69,85.98
1.92,69.99
1.75,74.18
1.84,72.72
1.72,76.58
1.69,75.14
1.94,70.55
1.85,70.69
1.74,76.22
1.70,52.35
1.73,82.36
2.84,79.10
1.74,82.26
1.47,73.95
1.30,73.16
1.40,87.99
1.69,75.80
1.66,89.62
1.56,64.02
1.57,61.79
1.43,69.39
1.72,65.30
1.63,85.38
1.74,66.14
2.22,59.79
1.62,9.90
1.46,99.22
1.66,90.19
1.55,78.97
1.75,79.28
1.74,64.13
1.62,69.56
1.53,83.23
1.79,58.23
1.79,85.28
1.55,85.66
1.83,71.67
1.83,73.33
1.61,91.41
1.51,93.76
1.60,85.50
1.84,87.51
1.49,83.39
1.56,73.44
1.43,77.57
1.93,72.15
1.64,77.23
1.55,85.27
1.78,82.48
1.62,80.23
1.40,89.54
1.52,70.28
1.58,82.96
1.67,67.44
1.49,85.72
1.53,72.36
1.40,74.17
1.48,88.81
1.80,61.80
1.96,61.87
1.67,76.78
2.55,93.27
2.13,5.96
1.67,76.09
1.70,61.88
1.72,57.75
1.57,86.96
1.70,55.48
1.63,76.14
1.72,76.44
1.86,62.50
1.68,45.25
1.87,66.44
2.07,65.23
1.81,68.23
1.71,68.38
1.63,71.54
1.75,68.62
1.39,90.80
1.61,96.70
1.60,90.39
1.56,66.69
1.93,77.25
1.77,62.64
2.01,50.80
1.73,68.77
1.72,87.12
2.19,31.98
2.10,64.82
2.01,75.75
1.69,84.86
1.63,75.80
1.64,59.84
1.80,71.37
1.89,90.30
1.77,86.31
1.69,80.39
1.89,71.32
2.03,72.39
2.17,71.56
1.73,65.89
1.80,48.37
1.58,75.58
1.65,88.23
1.66,69.25
1.75,28.93
1.70,75.07
1.72,82.03
1.54,82.77
1.52,75.03
1.44,84.99
2.29,87.53
1.43,69.93
1.50,81.37
1.65,89.14
1.80,73.67
1.96,80.90
1.88,53.97
1.63,70.26
1.66,90.97
1.64,87.80
1.78,70.35
1.73,66.22
1.74,76.12
1.78,68.49
1.93,67.14
1.71,70.03
1.87,75.93
1.85,75.68
2.08,55.98
1.72,64.98
1.53,65.90
1.83,67.36
1.73,91.84
1.96,63.12
1.70,85.26
1.86,72.76
1.69,65.21
1.66,67.61
1.83,74.16
1.80,79.65
1.69,67.32
1.60,67.11
2.21,86.51
2.11,36.32
1.62,75.89
1.54,68.37
1.69,77.86
1.59,68.34
1.60,62.97
1.89,78.57
1.81,63.37
1.53,70.92
1.60,70.78
1.62,63.45
1.78,86.67
1.97,57.27
1.97,59.90
1.92,66.13
1.62,85.60
1.38,55.81
2.69,80.58
1.66,64.86
1.68,66.73
1.51,58.48
1.73,84.92
1.82,91.83
1.79,68.33
1.73,74.43
1.55,72.22
1.65,94.75
1.76,72.77
1.64,94.29
1.77,68.18
1.83,48.12
1.78,83.76
2.10,76.14
2.07,61.65
1.96,44.43
1.53,54.63
1.82,58.14
1.72,90.56
1.70,82.97
1.60,78.93
1.79,39.99
1.65,73.87
1.74,62.50
1.67,87.92
1.66,68.00
1.68,65.49
1.76,83.68
1.57,86.41
1.69,73.01
1.76,97.31
1.66,81.46
2.02,76.13
1.84,34.04
1.76,52.17
1.73,88.20
1.84,78.12
1.89,71.73
1.90,60.34
1.62,79.20
1.62,83.07
1.73,61.52
1.79,62.91
1.76,62.29
1.97,81.97
1.60,75.73
1.59,72.53
1.56,88.58
2.65,77.77
1.92,64.27
1.56,-0.17
1.58,68.90
1.65,81.78
1.87,75.19
1.85,77.07
1.71,67.39
2.08,65.67
1.66,71.81
1.60,80.01
1.59,97.71
1.67,93.23
1.66,76.11
1.73,29.16
1.48,84.49
1.64,82.16
1.56,76.20
1.61,68.91
1.63,59.92
1.46,81.71
1.66,86.56
1.52,100.30
1.53,63.78
1.57,86.79
1.84,91.44
1.60,73.85
1.75,75.58
1.55,90.70
1.55,78.09
1.74,95.00
1.71,61.44
1.98,74.17
1.96,77.43
2.14,67.44
1.90,64.76
1.69,77.94
1.66,75.49
1.52,50.63
1.74,85.73
1.67,88.19
1.66,82.80
1.66,82.67
1.79,97.56
1.93,74.95
1.52,86.59
1.86,96.43
1.90,74.12
1.52,81.74
1.56,58.93
3.29,92.69
1.90,60.32
1.68,59.53
1.55,86.91
1.54,76.05
1.60,95.82
1.82,83.82
2.07,82.53
1.58,76.27
1.51,93.73
1.69,82.13
1.79,82.02
1.81,73.47
1.51,81.48
1.70,97.01
1.65,81.81
1.75,90.90
1.61,75.53
1.51,67.08
1.47,84.83
1.48,85.33
1.54,82.26
1.62,78.34
1.52,96.32
1.67,87.76
1.51,77.15
1.63,81.35
1.57,87.61
1.49,89.46
1.53,91.81
1.52,72.19
1.42,91.86
1.53,85.48
1.77,96.72
1.49,92.00
1.84,56.09
1.68,63.72
1.61,97.15
1.82,82.64
2.52,78.05
3.21,61.27
2.12,64.29
1.64,72.23
1.59,70.63
1.50,69.87
1.59,45.04
1.66,88.88
1.64,64.87
1.61,67.03
1.52,94.41
2.85,91.73
1.99,97.58
1.84,66.10
1.87,57.11
1.70,77.24
1.57,79.90
1.60,82.58
1.58,86.03
1.51,99.65
1.39,77.58
1.45,85.66
1.50,68.18
1.29,79.86
1.68,87.93
1.60,56.61
1.40,65.10
1.58,92.05
1.61,79.36
1.57,72.73
1.52,52.28
1.59,97.45
1.71,93.43
1.65,99.99
1.41,95.69
1.65,74.99
1.74,76.88
1.98,60.27
1.68,92.63
1.70,60.77
1.73,81.80
1.71,99.78
1.43,79.09
1.64,73.94
1.52,89.70
1.49,54.51
1.53,60.52
1.59,81.38
1.61,70.51
1.74,83.18
1.45,58.08
1.60,86.10
1.49,68.84
1.34,81.66
1.49,91.71
1.63,79.82
1.61,84.38
1.75,63.00
1.88,97.76
2.00,101.72
1.77,58.01
2.77,90.20
1.91,49.17
1.69,77.45
1.63,86.08
1.81,79.91
1.78,47.18
1.54,53.96
1.62,67.30
1.66,82.68
1.61,84.56
1.70,81.20
1.89,67.28
1.49,74.08
1.65,69.03
1.48,86.23
1.71,53.42
1.41,84.35
1.59,72.71
1.58,53.35
1.36,92.56
1.59,77.97
1.64,62.00
1.55,87.26
1.64,64.78
1.48,51.69
1.63,55.86
1.55,66.40
1.50,71.59
1.92,62.42
2.33,75.23
1.83,70.75
1.87,56.71
2.04,62.54
1.76,76.86
1.82,50.98
1.39,47.39
1.58,75.68
1.56,96.99
1.42,91.16
1.56,98.28
1.67,80.45
1.80,67.50
1.45,79.71
1.51,68.04
1.56,86.01
1.78,74.44
1.57,78.48
1.72,55.50
2.57,85.61
1.75,60.39
2.86,78.59
2.16,86.58
1.98,70.91
1.73,53.00
2.12,81.17
1.89,78.25
2.19,66.10
2.62,49.39
1.64,62.05
1.74,73.53
1.92,58.27
1.51,93.49
2.01,95.97
2.50,88.91
2.15,82.65
1.86,65.14
1.74,83.67
1.89,90.00
1.69,64.04
1.72,84.85
1.66,82.80
1.81,82.47
2.09,70.34
2.98,77.88
2.16,61.69
1.68,93.54
1.98,86.65
1.84,53.12
1.60,70.25
2.10,62.68
2.72,56.39
2.08,54.92
1.56,83.69
1.77,67.07
2.23,83.64
2.24,100.33
1.65,66.89
1.85,75.35
2.48,45.80
1.94,73.84
1.52,71.38
1.66,67.70
1.47,84.76
1.42,89.98
1.99,87.15
1.78,78.44
2.08,88.53
1.82,72.97
1.71,79.56
1.64,48.42
3.13,83.37
1.81,68.43
1.72,63.53
1.53,83.66
1.81,67.48
1.76,57.38
1.72,49.81
1.52,96.43
1.44,88.52
1.55,59.22
1.64,82.19
1.77,76.71
1.47,77.95
1.55,90.28
1.60,90.14
1.54,81.17
1.53,73.68
1.38,82.69
1.38,96.29
1.38,94.44
2.01,84.50
1.62,97.66
1.55,72.82
1.47,92.80
1.55,95.84
1.60,68.56
1.50,88.83
1.56,73.66
1.56,84.15
1.51,84.05
1.69,67.79
1.45,77.48
1.66,50.38
1.47,65.70
1.52,70.23
1.49,78.25
1.51,80.31
1.43,70.50
1.35,74.06
1.66,86.37
1.55,74.54
1.44,66.52
1.62,75.21
1.59,54.13
1.85,82.45
2.37,68.31
2.37,21.54
1.93,63.69
1.83,87.66
1.68,35.12
2.43,73.56
1.80,71.46
1.52,105.10
1.45,89.41
1.50,87.55
1.67,84.63
1.62,75.30
1.95,57.85
1.48,71.74
1.76,82.28
2.28,85.56
1.81,68.39
1.87,101.22
1.69,74.99
1.55,72.09
1.53,87.26
2.17,58.55
1.96,71.14
2.12,59.56
1.73,38.44
1.43,81.55
1.73,90.00
1.72,51.01
1.60,69.91
1.53,67.95
1.66,56.41
1.83,78.49
1.85,55.63
2.13,65.65
2.70,81.73
2.05,87.42
1.58,93.20
1.60,68.73
1.66,46.48
1.77,45.29
2.01,87.01
1.65,64.41
1.58,71.91
1.50,70.89
1.76,69.47
1.62,87.19
1.64,86.68
1.50,83.19
1.63,73.12
1.59,62.96
1.86,65.84
1.84,59.07
1.85,67.67
1.83,75.84
1.74,86.76
3.27,94.15
2.42,69.11
1.83,73.22
1.42,75.19
1.30,83.29
1.25,81.62
1.28,69.54
1.43,82.46
1.50,87.16
1.74,71.51
1.72,71.20
1.50,83.41
1.64,62.00
1.59,85.30
1.49,90.81
1.52,67.67
1.67,75.30
1.57,63.77
1.45,82.96
1.55,78.36
1.65,65.56
1.53,52.97
1.47,80.09
1.28,68.28
1.72,66.46
1.87,73.83
1.47,50.97
1.59,87.78
1.51,71.07
1.46,75.85
1.47,81.95
1.51,98.17
1.47,86.01
1.41,71.92
1.69,82.39
1.64,84.65
1.61,84.94
1.49,84.99
1.59,88.52
1.51,78.30
1.57,86.16
1.67,97.05
1.41,90.52
1.68,63.40
1.62,68.88
1.62,47.37
1.99,70.75
1.66,70.98
1.76,87.40
2.05,79.33
2.97,89.77
1.57,38.03
1.51,64.24
1.76,92.20
1.45,98.86
1.63,88.42
1.66,41.67
1.70,63.53
1.51,96.88
1.38,93.60
1.50,65.08
1.43,77.58
1.56,87.80
1.77,40.93
1.50,58.78
1.76,58.65
1.54,58.77
1.57,66.34
1.82,86.76
1.62,86.13
1.70,92.52
1.48,55.77
1.59,85.69
1.58,93.98
1.50,84.82
1.74,69.54
1.43,76.94
1.47,72.73
1.46,62.64
2.03,74.04
2.40,56.58
1.63,65.51
1.64,66.31
1.72,86.99
1.58,41.27
1.45,65.44
1.43,58.10
1.61,88.00
1.68,91.75
1.52,64.89
1.71,78.28
2.02,65.35
1.71,66.51
1.59,67.93
1.76,87.57
1.81,87.58
1.49,93.04
1.52,92.57
1.46,101.45
1.73,79.58
2.64,71.70
1.64,55.61
1.49,68.66
1.45,94.01
1.71,57.80
1.51,64.98
1.74,71.82
1.41,74.61
1.39,95.28
1.59,79.79
1.62,88.70
1.51,62.44
1.65,74.09
1.37,60.69
1.72,89.14
1.55,84.04
1.68,87.15
1.52,94.75
1.54,76.05
1.62,95.94
1.61,88.38
1.70,80.31
1.64,57.98
1.72,87.73
1.80,61.88
1.64,82.07
1.63,77.64
1.63,70.30
1.44,74.78
1.70,80.05
1.72,91.18
1.47,34.94
1.42,79.89
1.57,98.85
1.81,68.56
1.73,35.02
1.59,52.86
1.44,68.60
1.42,94.17
1.45,85.55
1.53,93.96
1.86,81.79
1.73,93.12
1.51,84.34
1.40,82.09
2.25,67.64
1.66,91.84
1.56,82.90
1.53,84.60
1.61,92.44
3.34,85.97
1.73,85.66
1.48,65.63
1.63,66.01
1.69,88.97
1.46,74.94
1.51,92.02
1.48,93.44
1.65,93.02
1.67,69.30
1.55,69.91
1.59,88.45
1.67,90.90
1.48,75.68
1.46,92.73
1.44,61.99
1.60,93.50
1.51,83.85
1.37,65.13
1.38,77.74
1.40,86.14
1.60,94.12
1.63,85.99
1.84,74.04
1.54,73.72
1.45,63.88
1.49,99.55
1.57,79.90
1.53,63.27
1.65,73.31
1.90,97.66
1.62,65.48
1.62,46.60
1.58,87.33
1.64,42.27
1.52,92.67
1.70,95.98
2.08,90.71
1.77,55.06
2.22,51.96
1.77,37.83
1.72,95.70
1.91,99.02
1.62,98.27
1.68,96.41
1.84,92.27
1.84,35.21
1.38,90.49
1.56,56.28
1.92,70.39
2.24,84.16
1.54,81.76
1.79,76.74
1.54,83.91
1.63,82.42
1.53,78.98
1.77,90.66
2.15,46.23
1.90,81.91
2.25,71.03
1.69,59.28
1.49,74.03
1.43,75.73
1.62,88.13
1.39,66.75
1.57,100.64
1.96,22.29
1.95,57.43
1.82,76.50
1.82,62.70
1.98,85.17
2.79,74.74
3.08,76.58
1.94,70.25
2.12,68.31
1.76,85.46
1.69,95.57
1.73,66.39
1.66,92.83
1.65,93.53
1.50,93.49
1.66,96.90
1.41,55.96
1.52,70.89
1.51,83.57
1.37,90.13
1.46,92.83
1.66,94.96
1.64,76.36
1.89,89.32
1.60,85.22
1.71,51.51
1.78,86.02
1.86,82.96
2.30,66.38
1.90,41.46
1.71,86.64
1.51,97.74
1.51,47.24
1.45,63.20
2.08,67.90
1.57,91.32
1.38,59.64
1.41,90.45
1.29,86.52
1.34,96.39
1.51,101.81
1.54,97.15
1.42,80.27
1.36,87.48
1.43,57.20
1.72,45.38
1.45,85.30
1.31,87.86
1.48,75.37
1.58,73.21
1.47,82.85
1.48,78.58
1.36,92.88
1.43,65.56
1.48,67.57
1.33,72.05
1.48,64.15
1.43,64.05
1.70,94.42
1.60,74.67
1.55,-6.56
1.30,24.64
1.48,41.49
1.36,94.63
1.43,88.27
1.49,88.53
1.52,80.05
1.46,78.81
1.49,97.68
1.48,42.68
1.40,63.85
1.82,59.80
1.93,42.96
2.04,66.78
1.54,62.95
1.59,91.16
1.52,88.44
1.62,89.04
1.60,86.55
1.28,66.86
1.98,97.08
1.84,37.27
1.60,31.36
1.79,59.13
2.32,82.98
1.52,73.37
1.61,99.98
1.49,86.89
1.76,77.58
1.46,42.85
1.57,101.40
1.57,48.58
1.79,23.27
1.52,72.01
1.62,75.63
1.54,89.04
1.79,77.14
1.74,80.85
1.81,79.70
1.89,76.03
1.90,75.29
1.60,90.41
1.64,87.04
1.75,84.46
1.70,91.70
1.72,77.17
1.97,34.20
1.56,67.61
1.65,95.85
1.35,94.43
1.52,72.13
1.68,78.71
1.86,63.21
1.41,82.03
1.68,50.95
1.57,39.51
1.68,54.96
1.59,44.88
1.59,91.83
1.60,87.51
1.46,81.34
1.49,75.63
1.31,92.66
1.43,96.93
1.54,92.82
1.56,61.01
1.85,58.47
1.63,59.77
1.72,62.87
1.73,80.36
1.69,97.88
1.93,59.13
1.56,92.62
1.37,95.66
2.32,98.11
1.77,61.64
1.45,84.91
1.51,99.47
1.58,58.01
1.98,86.39
1.71,34.21
1.67,81.86
1.58,87.99
1.62,89.90
1.78,65.97
1.80,47.91
1.59,52.10
1.69,71.50
1.40,66.73
1.75,83.58
1.80,94.94
1.68,64.75
1.51,100.63
1.50,67.95
1.30,100.77
1.53,78.94
1.58,46.01
1.57,47.79
1.58,0.44
1.78,75.30
1.65,90.72
1.61,76.19
1.55,63.69
1.52,52.82
1.87,74.96
1.75,83.83
1.50,74.55
1.78,83.77
1.46,95.31
1.48,94.40
1.51,38.31
1.57,95.39
2.13,17.38
1.62,80.43
1.74,97.07
1.67,79.79
1.52,38.70
1.48,38.45
1.57,68.51
1.62,71.27
2.09,91.26
1.69,80.65
1.59,94.55
1.93,96.17
2.32,10.02
1.62,73.71
1.51,69.19
1.85,83.03
1.80,70.28
1.50,61.82
1.55,69.53
1.77,90.12
1.66,95.84
1.49,40.71
1.52,83.05
1.70,96.09
2.08,59.79
2.15,46.50
2.01,92.05
1.72,90.35
1.49,8.61
1.44,46.63
1.67,77.05
1.39,70.90
1.60,69.36
1.74,93.77
1.70,62.92
1.48,68.17
1.57,85.26
1.42,69.48
1.43,76.53
1.38,70.19
1.53,76.04
1.64,42.39
1.50,91.31
1.60,55.65
1.93,84.86
1.98,90.87
1.50,69.19
1.68,87.75
1.60,92.67
1.48,80.85
1.79,60.06
1.88,100.57
2.01,23.21
1.57,93.01
1.62,93.71
1.62,59.00
1.71,88.98
1.76,90.66
1.64,53.16
1.79,81.15
1.79,88.17
1.46,82.04
2.40,89.09
1.50,62.25
1.81,87.35
1.49,75.25
1.46,76.81
1.49,34.93
1.29,70.82
1.60,68.34
1.58,99.94
1.71,71.66
1.91,78.71
1.71,94.59
1.57,76.58
1.44,74.30
1.46,88.18
1.41,97.36
1.38,80.76
1.75,71.16
1.54,80.27
1.67,87.53
1.77,42.75
1.54,77.04
1.58,51.17
1.84,87.92
2.33,77.50
1.95,23.38
1.56,82.52
1.44,69.22
1.30,86.82
1.87,82.02
1.58,97.26
1.57,19.08
1.76,74.09
2.06,64.49
1.95,38.42
1.75,70.14
1.56,94.85
1.38,96.58
1.91,34.73
1.73,52.69
1.94,59.11
1.59,82.65
1.68,95.38
1.59,93.41
1.73,88.98
1.90,63.16
1.73,81.99
1.51,90.28
1.77,62.94
1.40,87.98
2.28,73.12
1.68,54.29
1.73,80.89
1.47,25.80
1.27,95.94
1.54,92.18
1.65,71.41
1.66,89.55
1.41,99.33
1.41,96.15
1.58,84.53
1.39,90.48
1.49,93.14
1.71,80.98
1.47,81.10
1.41,50.07
1.48,65.91
1.48,89.80
1.69,65.29
1.84,81.48
1.56,72.84
1.48,91.87
1.43,46.30
1.60,62.03
1.43,45.05
1.56,87.53
1.79,36.19
1.63,66.74
1.77,95.35
2.29,93.88
1.73,51.01
1.60,59.03
1.52,82.38
1.45,73.55
1.51,94.81
1.37,83.03
1.55,60.08
1.76,49.55
1.76,65.91
1.53,58.15
1.57,19.34
1.58,89.08
1.63,65.28
1.58,78.11
1.39,44.68
1.43,75.64
1.43,71.77
1.54,87.42
1.69,86.63
1.71,80.41
2.47,73.84
1.89,92.71
1.52,74.52
1.62,100.52
1.74,95.13
1.48,79.68
1.53,86.90
1.42,39.60
1.51,66.09
1.49,90.80
1.52,95.95
1.58,91.65
1.70,93.00
1.46,58.33
1.69,74.92
1.57,84.32
1.51,70.52
1.42,89.61
1.58,81.49
1.44,93.34
1.39,104.86
1.63,90.29
1.84,65.62
1.80,71.97
1.44,90.85
1.50,51.11
2.32,66.76
1.84,56.78
1.50,67.58
1.71,69.35
1.55,84.62
1.55,85.40
1.63,62.49
1.72,82.21
1.56,38.44
1.54,73.25
1.52,80.24
1.53,36.23
1.46,91.59
1.82,80.82
1.51,82.88
1.55,92.11
1.54,29.09
1.43,103.06
1.43,89.89
1.49,46.31
1.61,64.73
1.70,93.06
1.58,69.42
1.58,99.97
3.60,74.62
2.05,54.08
1.87,67.77
1.66,75.62
1.78,69.08
1.71,74.93
1.95,80.66
1.49,75.28
1.31,78.47
1.74,90.11
1.58,72.98
1.47,91.44
1.59,41.20
1.67,65.74
1.72,89.68
1.35,96.71
1.66,69.47
1.61,48.23
1.80,75.37
2.09,75.60
1.71,41.64
1.59,6.57
1.86,67.38
2.20,81.01
1.65,54.54
1.56,69.71
1.67,30.61
1.71,72.32
1.62,74.74
1.47,80.61
1.50,92.24
1.47,98.08
1.57,77.22
2.46,71.40
1.97,67.90
1.77,59.39
1.44,50.82
1.94,73.85
2.34,58.08
2.01,50.03
1.79,73.17
1.57,67.60
1.59,60.95
1.57,93.11
1.58,17.66
1.53,75.66
1.54,99.99
1.54,87.92
1.51,71.59
1.53,75.17
2.03,68.37
1.56,88.45
1.69,87.58
1.48,90.56
1.74,59.95
1.58,75.66
1.59,55.87
1.49,86.27
1.84,61.67
1.34,51.28
1.64,63.11
1.54,50.04
1.55,74.48
1.54,64.54
1.45,68.28
1.55,91.75
1.64,76.76
1.31,53.77
1.44,92.53
1.70,48.78
1.83,50.73
1.48,57.05
1.77,89.21
1.88,90.74
1.62,72.93
1.62,75.32
1.68,63.36
1.86,68.82
1.74,96.23
1.82,63.27
1.50,92.45
1.38,91.22
1.54,35.89
1.40,61.07
1.54,72.10
1.40,66.86
1.36,83.39
1.59,85.17
1.85,90.63
1.67,81.22
1.70,77.92
1.57,50.25
1.73,76.71
1.56,63.03
1.47,57.36
1.68,42.10
1.47,60.50
1.56,78.78
1.70,74.93
1.53,61.47
2.77,63.28
1.87,38.62
1.83,68.98
1.83,81.17
1.60,80.22
1.82,84.46
1.57,41.02
1.42,73.63
1.80,80.69
1.51,44.75
1.48,76.54
1.62,81.47
1.59,82.93
1.64,56.49
1.62,64.09
2.24,50.52
1.72,39.93
1.77,84.06
1.50,80.06
1.57,54.99
1.53,50.65
1.41,89.35
1.48,92.72
1.48,87.16
1.39,96.92
2.44,62.17
1.82,71.78
1.70,81.36
1.64,73.16
1.65,76.73
1.53,81.16
1.72,86.08
2.10,40.37
2.36,56.07
1.92,42.73
1.53,70.39
1.50,70.22
2.29,32.63
1.91,28.95
1.67,77.70
1.35,86.22
1.40,97.14
1.54,34.17
1.51,85.12
1.60,86.39
1.73,72.33
1.47,55.72
1.33,83.78
1.51,84.47
1.36,56.63
2.26,86.17
1.54,66.45
1.56,88.29
1.53,87.11
1.59,64.92
1.46,67.25
1.46,79.47
1.33,99.42
1.41,64.21
1.71,79.11
1.47,57.15
1.38,48.03
1.35,86.65
1.82,81.50
2.19,64.47
1.58,63.48
1.40,59.82
1.35,90.44
1.69,71.80
1.48,49.89
1.46,49.18
1.71,85.61
1.85,85.64
1.98,76.94
1.42,91.40
1.48,85.65
1.36,89.89
1.44,90.11
1.53,72.97
1.56,97.65
1.58,55.05
1.57,86.54
1.72,61.01
1.43,53.89
1.51,88.62
1.55,83.29
1.86,93.70
2.30,88.25
1.96,77.68
1.62,67.56
1.34,59.35
1.42,88.57
1.46,82.67
1.39,61.53
1.42,86.09
1.75,57.76
1.40,61.48
1.56,87.64
1.82,85.47
1.63,58.15
2.69,37.66
2.02,41.11
1.53,63.03
1.40,84.96
1.58,64.08
1.54,50.74
1.70,86.72
1.55,78.21
1.38,65.09
1.60,56.80
1.43,82.31
1.71,78.84
1.64,83.71
1.56,81.71
1.45,46.78
1.51,88.97
1.88,74.83
1.61,44.46
1.60,82.06
1.51,87.91
1.60,92.01
1.44,97.65
1.69,40.65
1.28,61.13
1.49,79.68
1.73,85.46
1.67,73.94
1.68,88.88
1.55,68.05
1.40,87.47
1.66,73.58
1.64,86.83
1.60,81.61
1.54,75.82
1.38,89.56
1.63,65.45
1.87,61.88
1.36,60.96
1.40,80.00
1.52,83.37
1.66,66.48
1.92,59.39
1.54,23.54
1.72,77.06
1.76,67.36
1.53,65.60
1.45,62.66
1.47,87.16
1.60,74.91
1.53,80.80
2.57,22.43
1.71,73.69
1.89,81.49
1.73,85.49
1.71,57.89
1.52,57.08
1.94,90.67
1.43,62.13
1.51,59.88
2.01,87.74
1.67,47.98
2.15,58.89
1.46,40.25
1.41,91.00
1.41,66.12
1.59,92.74
1.55,70.73
1.59,70.28
1.63,64.61
1.74,76.77
1.60,85.00
1.54,76.74
1.69,76.88
1.73,76.69
1.80,43.13
2.23,79.24
1.58,77.42
1.39,94.79
1.38,82.69
1.51,79.57
1.71,74.31
1.77,84.47
1.67,88.36
1.76,25.39
1.76,47.50
1.64,94.10
1.56,80.94
1.77,78.06
1.35,69.23
1.39,99.17
1.81,70.48
2.00,63.13
2.03,86.76
1.57,91.41
1.38,89.36
1.38,35.00
1.46,85.82
1.51,82.40
1.49,88.52
1.60,75.13
2.42,77.98
1.83,57.74
1.94,71.78
1.48,85.91
1.72,84.24
1.59,79.77
1.67,93.21
1.78,73.57
1.74,84.58
1.43,72.60
1.63,73.12
1.94,91.68
1.96,73.23
1.70,76.02
1.65,83.25
1.92,78.03
1.85,47.10
1.67,82.74
1.43,66.24
1.45,84.89
1.68,54.74
1.58,51.77
1.52,95.30
1.69,77.01
1.75,49.32
1.39,78.65
1.59,77.33
1.33,84.19
1.44,91.71
1.36,61.61
1.73,71.70
1.57,57.46
1.52,68.08
1.47,57.59
1.62,88.85
1.51,68.57
1.50,92.32
1.36,62.78
1.44,91.70
1.63,91.52
1.85,98.00
1.84,16.95
1.91,48.65
1.89,76.69
1.53,61.32
1.68,73.79
1.84,58.21
1.82,71.64
1.70,81.58
2.00,55.60
1.91,31.11
1.52,49.28
1.42,82.79
1.54,86.23
1.69,55.56
1.52,48.14
1.80,49.02
1.79,71.35
1.99,51.90
1.72,82.46
1.42,59.46
1.67,84.38
1.66,62.71
1.63,74.01
1.54,73.34
1.52,77.63
1.51,58.87
1.47,87.56
1.51,92.43
1.70,66.62
1.91,78.76
1.74,80.47
1.61,38.97
1.45,88.11
1.41,73.67
1.50,41.01
1.62,64.55
1.59,80.18
1.96,44.12
2.73,64.40
1.54,78.09
1.37,94.39
1.42,76.89
1.46,81.23
1.52,44.79
1.61,67.31
1.77,42.52
1.55,69.30
1.45,87.83
1.58,81.77
1.61,57.87
1.53,73.04
1.81,88.81
2.36,63.67
1.54,75.24
1.72,75.10
1.61,58.27
1.67,82.96
1.58,83.48
1.65,56.11
3.42,63.68
2.06,40.59
1.78,85.65
1.72,52.60
1.67,84.94
1.85,68.10
1.59,47.14
1.76,92.29
1.81,77.99
1.80,89.25
1.68,35.25
1.62,35.44
1.61,84.23
1.84,46.64
1.69,73.50
1.42,88.50
1.78,41.06
1.51,80.21
1.72,83.18
1.87,86.64
1.84,73.69
1.60,57.52
2.03,66.22
1.90,61.57
1.78,77.01
1.49,87.75
1.85,83.29
1.46,35.85
1.57,74.21
1.58,59.69
1.83,69.23
1.56,90.95
1.97,15.66
1.76,13.23
1.74,55.79
1.51,98.80
1.42,88.67
1.58,85.05
1.59,85.31
1.71,71.50
2.28,39.02
2.03,32.52
1.74,85.82
1.87,97.54
1.94,-0.63
1.71,57.18
2.11,5.84
1.79,87.29
1.64,44.15
1.92,58.23
1.96,79.60
3.73,95.22
1.77,81.72
1.67,97.98
1.66,84.07
1.64,92.65
1.90,95.03
1.66,91.56
1.62,101.43
1.90,90.22
2.34,103.78
2.48,89.57
1.83,96.72
2.19,85.65
1.82,88.94
1.49,49.43
1.89,84.94
1.94,94.90
1.76,92.57
1.77,91.98
1.62,72.57
1.90,93.63
2.41,96.32
2.24,98.37
1.87,98.04
1.68,76.53
1.76,93.81
1.64,97.51
1.95,81.55
1.84,91.46
1.82,86.89
1.63,100.62
1.69,79.49
2.15,84.14
1.82,96.14
2.07,95.67
2.12,88.52
1.69,96.80
1.65,87.75
1.66,93.18
1.77,80.18
1.52,89.75
1.49,88.02
1.66,89.77
1.70,91.56
1.57,81.63
1.60,92.71
1.99,43.93
2.04,84.75
1.78,94.30
1.80,90.50
2.78,91.76
1.67,81.38
1.68,86.82
1.57,81.63
1.75,91.39
2.50,81.63
2.22,90.07
1.81,83.81
1.76,87.91
1.71,91.10
1.60,98.37
1.66,89.67
1.67,90.98
1.59,96.00
1.86,76.75
1.69,87.02
1.41,82.16
1.49,92.22
1.74,90.30
1.75,85.20
2.05,82.54
1.53,87.14
1.83,71.69
1.88,80.15
1.99,95.21
1.96,77.56
1.82,77.51
1.69,83.69
1.60,88.13
1.65,81.78
1.71,83.91
1.79,95.09
1.63,94.28
1.83,105.38
1.69,64.49
1.77,89.88
1.57,96.43
1.74,92.07
1.58,86.10
2.14,89.96
1.62,85.87
1.57,95.65
1.81,89.69
1.70,84.07
1.67,88.03
1.58,97.87
1.73,85.47
1.68,79.79
1.53,83.97
1.88,96.23
3.27,76.54
2.13,88.95
2.08,72.50
2.52,92.29
2.33,84.63
1.80,74.05
1.68,84.99
1.71,81.10
1.68,82.93
1.63,94.92
1.58,89.89
1.72,89.03
1.69,77.20
1.74,96.52
1.77,81.66
1.92,102.21
2.44,86.85
1.60,80.06
1.61,93.47
1.78,68.42
1.66,84.29
1.78,93.57
1.53,80.22
1.64,81.91
1.69,96.28
1.51,92.45
1.69,85.58
1.78,87.37
1.84,81.56
2.03,79.51
2.04,87.91
1.67,88.28
1.69,85.04
1.76,90.43
1.60,84.03
1.61,85.98
1.48,90.05
1.80,99.42
1.80,79.27
1.55,83.93
1.48,84.86
1.61,85.72
1.62,92.28
1.74,78.92
1.96,62.02
1.65,100.95
1.79,89.80
2.08,81.30
1.96,88.85
1.77,79.28
3.29,86.39
2.09,86.80
2.41,86.99
2.17,78.05
1.89,88.81
1.66,101.47
1.83,80.29
1.91,85.24
1.99,84.98
2.02,80.87
1.78,64.94
2.14,77.56
2.04,71.71
1.59,91.92
1.57,82.71
1.62,76.01
1.90,76.64
1.79,82.17
1.75,71.97
1.70,86.29
1.58,75.90
1.52,79.07
1.78,89.75
1.72,85.25
2.10,93.35
1.83,77.77
1.63,70.81
1.62,89.35
1.50,90.48
1.66,96.46
1.82,89.81
1.72,84.73
1.60,86.61
1.56,92.12
1.73,84.74
1.57,93.25
1.82,77.31
1.94,83.49
1.79,94.95
1.72,80.53
1.87,81.72
2.28,75.90
1.77,85.92
1.68,77.10
2.08,86.97
1.63,84.01
1.67,88.46
1.63,73.28
2.00,77.01
1.86,80.26
3.15,91.53
1.90,85.52
1.66,79.76
1.55,70.05
1.50,80.56
1.57,75.70
1.65,93.10
1.53,70.86
1.44,82.97
1.52,83.28
1.80,77.53
1.66,79.21
1.85,75.62
1.53,72.89
1.82,86.13
1.65,85.02
1.65,80.35
1.62,89.88
1.57,83.38
1.52,70.93
1.90,65.63
1.68,71.76
1.74,84.91
1.65,86.02
1.60,72.26
1.60,85.57
1.49,86.86
1.69,82.61
1.55,88.13
1.50,80.33
1.63,89.93
1.64,88.32
1.42,73.23
1.45,84.00
1.70,75.33
1.50,78.35
1.74,86.25
1.60,83.29
1.69,74.29
1.74,76.96
1.79,78.32
1.85,87.70
1.55,77.27
1.59,78.10
2.03,76.05
2.17,66.33
1.90,78.96
1.44,95.35
1.77,81.51
1.41,75.90
2.82,75.91
2.18,80.99
1.66,54.53
1.54,80.73
1.59,84.14
1.74,76.84
2.09,73.37
1.63,75.36
1.77,80.61
1.60,84.50
1.74,81.62
1.64,70.14
1.72,76.42
1.82,89.02
1.79,83.22
1.81,77.76
1.89,84.41
1.45,80.30
1.61,86.04
1.85,88.79
1.76,84.49
1.82,79.42
1.97,70.90
2.17,67.04
2.01,92.79
2.22,74.04
1.73,69.39
1.63,72.73
1.71,85.30
1.63,91.94
1.69,84.20
1.69,83.02
1.52,66.62
1.71,71.86
1.75,72.83
1.78,76.82
2.05,80.26
1.84,80.16
1.75,69.81
1.91,75.86
1.99,81.27
1.77,64.12
1.67,89.55
1.67,79.34
1.56,96.51
1.86,79.44
1.82,83.92
1.71,79.22
1.73,71.65
1.82,65.04
2.96,90.65
2.14,80.59
1.81,67.81
1.74,86.30
1.57,80.13
2.24,79.28
2.12,74.38
2.11,86.02
2.06,75.83
1.75,70.84
2.18,81.29
2.23,82.12
1.79,81.56
1.80,88.27
1.79,84.74
1.69,82.58
1.78,86.38
1.85,68.13
1.74,83.40
1.78,76.15
1.69,88.25
1.79,97.20
1.70,78.50
1.70,72.49
1.88,80.99
1.83,83.95
1.90,79.70
1.69,103.85
1.78,85.60
1.90,82.63
1.97,87.06
2.13,83.01
2.05,84.36
1.80,78.48
1.77,64.72
1.54,60.33
1.99,69.04
2.01,70.18
1.97,78.01
1.63,80.46
1.69,85.93
1.77,94.13
1.56,88.10
2.03,70.56
1.76,92.54
1.98,83.33
1.77,82.77
1.91,87.08
1.72,76.43
1.62,78.50
2.77,85.73
1.77,74.42
1.58,73.81
1.54,79.68
1.53,68.68
1.46,78.72
1.53,88.42
1.56,79.87
1.60,76.35
1.77,81.18
1.87,72.08
1.66,70.90
1.37,66.10
1.64,70.35
1.58,90.24
1.74,74.68
1.79,80.98
1.59,74.97
1.85,83.50
1.71,76.77
1.80,63.78
1.96,83.00
1.72,80.05
1.50,77.45
1.74,73.98
1.77,78.85
1.80,75.42
1.65,66.83
1.67,75.07
1.42,81.82
1.49,86.01
1.71,68.66
1.82,94.96
2.01,76.63
1.73,74.54
1.55,80.38
1.66,82.52
1.65,79.13
1.75,68.83
1.83,86.98
1.63,76.12
1.68,73.45
1.48,79.11
1.45,82.35
1.69,82.50
1.68,80.09
1.58,74.94
1.77,93.45
1.80,74.70
1.58,73.83
3.66,76.42
1.84,77.33
1.79,71.53
1.79,87.23
1.57,74.64
1.85,79.13
1.59,69.60
1.55,73.79
1.59,72.36
1.73,84.61
1.67,71.38
2.05,69.87
2.23,67.52
1.89,84.32
1.99,75.62
1.72,67.63
1.72,72.93
1.60,80.26
1.71,76.05
1.52,72.75
1.97,78.35
1.90,77.95
2.07,86.97
1.88,74.15
1.85,73.62
1.54,66.25
1.42,80.96
1.63,86.20
1.49,90.43
1.76,79.15
1.87,60.87
1.96,71.27
2.23,73.52
2.43,68.68
1.73,72.85
1.60,78.76
1.87,74.73
1.77,75.81
1.62,66.03
1.60,70.77
1.53,72.12
1.45,77.83
2.04,74.12
1.93,65.44
1.57,69.63
1.77,61.90
1.71,51.10
1.75,74.99
1.65,72.92
1.73,81.32
2.51,68.41
1.69,60.29
1.93,84.71
1.59,76.90
1.52,75.23
1.93,73.60
1.91,72.81
1.77,71.35
1.68,71.41
1.66,82.26
1.60,79.78
1.66,80.94
1.75,65.50
1.82,66.60
1.61,71.50
1.79,85.89
1.62,79.48
1.77,91.40
1.78,78.69
1.85,73.08
1.93,79.67
1.77,89.94
1.77,67.57
1.64,64.36
1.73,67.66
1.46,63.71
1.52,68.60
1.60,88.75
1.69,77.72
1.58,67.75
1.78,63.64
1.77,60.71
1.91,69.23
1.61,57.78
1.68,63.20
1.62,64.85
1.89,73.13
1.89,67.84
1.67,73.46
1.67,87.47
1.68,94.55
1.55,80.95
1.58,74.34
1.84,72.24
1.96,73.45
1.99,65.83
2.00,66.16
1.85,59.45
1.41,80.09
1.82,63.38
3.58,71.70
2.57,88.72
1.69,64.39
1.88,77.95
1.53,83.21
1.66,82.11
1.87,52.57
1.65,77.15
1.68,68.31
1.49,64.58
1.94,78.92
1.85,76.48
1.84,61.90
1.92,69.42
1.71,81.66
1.55,64.24
1.39,64.85
1.57,87.92
1.49,71.04
1.66,70.30
1.65,59.18
2.11,70.05
1.75,83.86
1.68,81.59
1.49,63.50
1.61,73.33
1.59,80.07
1.97,91.72
1.65,87.20
1.73,78.36
1.61,70.42
1.51,74.64
1.66,79.52
1.92,76.93
1.88,72.95
1.93,75.80
2.00,62.58
1.59,73.73
1.48,81.04
1.96,77.04
1.62,71.97
1.58,64.86
2.06,87.39
1.86,71.56
1.92,75.34
1.68,74.50
1.82,77.82
1.95,69.10
1.75,85.21
1.84,58.22
3.82,48.75
1.70,50.61
1.75,70.42
1.54,81.19
1.78,72.48
1.55,63.79
2.17,72.34
2.68,67.55
1.83,89.91
1.86,64.06
1.72,65.41
1.76,69.71
1.74,95.24
1.63,63.62
1.55,72.01
1.78,73.97
1.68,67.53
1.81,53.30
1.47,90.00
1.73,87.37
2.19,77.98
2.03,62.48
1.88,59.15
1.84,72.80
1.70,67.40
1.83,68.51
1.53,60.70
1.85,81.91
1.49,74.31
1.57,73.55
1.80,56.24
1.90,83.70
1.91,68.56
1.57,80.71
1.59,65.45
1.84,72.21
1.95,60.18
1.92,39.81
1.65,60.57
1.66,72.33
1.67,76.30
1.52,86.93
1.72,83.90
1.72,68.04
1.87,63.66
1.75,75.35
1.51,37.06
1.62,64.67
1.52,80.21
1.88,60.76
3.31,81.47
2.26,66.23
2.21,71.42
1.78,71.77
1.75,74.75
1.68,71.05
1.88,66.48
1.86,72.23
1.56,44.80
1.61,73.71
1.81,67.50
1.75,55.06
2.02,68.38
1.84,64.60
1.76,74.32
1.77,91.84
2.09,85.56
1.97,63.83
2.01,53.90
1.58,63.57
2.16,79.84
1.68,82.46
1.77,81.38
1.83,73.18
1.82,75.72
1.99,76.65
2.03,57.50
1.97,85.27
1.58,79.49
1.73,77.65
1.55,74.50
1.52,71.26
1.55,77.45
1.76,75.85
1.83,62.52
1.57,72.24
1.79,70.26
1.87,56.54
1.66,63.79
1.74,75.60
1.74,78.70
1.79,75.67
1.77,85.79
2.25,74.25
2.54,75.19
2.12,75.79
2.54,77.23
1.70,56.79
1.71,75.02
2.14,54.05
2.70,58.27
1.69,62.74
1.57,79.61
1.63,68.16
1.66,53.45
1.91,52.81
1.81,64.36
1.81,36.62
1.50,56.66
2.00,89.58
1.66,72.54
1.73,64.67
1.70,79.26
1.64,76.78
2.01,69.16
1.57,57.84
1.73,51.64
1.82,83.03
2.56,56.92
2.03,46.96
1.88,42.73
1.94,68.97
1.62,81.01
1.71,66.62
1.76,76.15
1.68,62.10
1.65,56.02
1.82,57.90
1.73,78.72
1.85,81.28
1.89,70.18
1.65,51.35
2.26,72.93
1.89,87.88
1.58,94.25
1.75,60.22
1.58,59.66
1.76,71.77
1.79,75.25
1.59,83.12
1.82,69.76
1.74,75.08
2.04,46.88
1.86,86.91
2.06,94.20
1.85,59.75
1.76,66.06
1.96,75.23
1.83,56.80
1.96,68.17
4.12,67.06
1.94,66.26
1.82,72.05
1.86,64.74
1.65,53.52
1.84,68.98
1.69,71.77
1.91,67.65
1.72,63.39
1.59,71.20
1.41,73.18
1.46,64.56
1.64,79.98
1.76,42.84
1.29,40.31
1.97,70.46
1.97,51.22
1.65,57.88
1.52,53.07
1.78,68.64
1.44,67.28
1.50,83.35
1.53,58.98
1.51,49.37
1.66,73.59
1.46,75.73
1.37,74.50
1.57,89.28
1.67,71.69
2.26,69.14
1.67,67.37
1.95,67.56
2.11,65.40
2.19,63.26
1.88,88.04
1.40,60.39
1.68,80.69
1.74,71.66
1.58,80.61
1.62,70.26
1.61,57.17
1.53,65.70
1.60,82.39
2.12,68.61
1.73,68.06
1.66,58.99
1.59,81.71
2.04,61.93
2.00,72.53
1.67,74.38
2.99,85.79
1.73,87.54
1.59,68.14
1.76,74.58
1.68,59.80
1.48,75.22
1.70,89.21
1.44,68.21
1.51,79.98
1.44,65.15
1.50,68.76
1.68,64.98
1.53,67.75
1.83,91.12
1.61,75.57
1.64,75.80
1.45,81.31
1.43,73.70
1.45,78.14
1.56,58.47
1.71,85.72
1.40,82.66
1.49,72.62
1.55,71.29
1.57,51.40
1.68,84.29
1.77,46.86
1.61,58.28
1.63,66.05
1.62,79.62
1.52,93.35
1.64,93.00
1.90,91.39
1.67,72.16
1.78,57.56
1.58,63.10
1.59,72.53
1.89,79.69
1.55,58.43
1.48,80.36
1.56,59.01
1.94,74.24
1.53,63.44
1.56,77.77
1.63,64.28
1.59,62.08
1.53,76.84
1.71,82.71
1.92,79.17
1.81,50.51
3.33,74.58
1.85,60.90
1.66,57.78
1.74,74.81
1.93,57.73
1.71,81.19
1.92,78.48
1.50,48.66
1.53,65.39
1.82,46.92
1.81,82.47
1.92,57.92
1.59,61.63
1.65,80.57
1.88,34.43
1.66,54.17
1.66,69.60
1.85,79.49
1.77,54.86
1.92,49.39
1.86,54.21
1.64,58.17
1.99,79.81
1.81,71.14
1.90,63.01
1.82,66.63
1.77,58.83
1.51,62.17
1.59,66.46
1.47,71.84
1.48,49.96
1.66,70.92
1.94,71.15
1.62,66.07
1.53,55.46
1.56,56.27
1.60,57.54
1.50,75.22
1.43,53.22
1.75,75.05
1.57,72.84
1.55,62.09
1.49,79.08
1.57,78.73
1.77,87.75
1.61,78.66
1.68,54.66
1.77,63.76
1.80,79.22
1.54,90.52
3.05,65.65
1.69,65.62
1.75,86.57
1.59,76.05
1.78,67.41
1.52,73.39
1.62,79.80
1.70,65.79
1.62,64.52
1.71,50.10
1.71,67.60
1.77,61.76
2.01,75.17
1.91,85.21
1.53,79.70
1.53,28.09
1.62,89.35
1.44,83.74
1.72,98.69
1.76,74.48
1.59,77.84
2.07,64.41
2.00,72.25
1.60,73.42
1.48,68.54
1.82,72.45
1.57,57.40
1.53,59.82
1.40,64.39
1.44,73.53
1.59,84.98
1.43,66.06
1.74,80.56
1.90,74.67
1.58,76.63
1.62,78.64
1.52,66.28
1.54,47.93
1.39,63.29
1.49,78.95
2.02,65.12
1.89,65.64
1.95,60.88
1.60,32.72
1.45,87.20
1.28,83.14
1.57,53.37
1.80,65.83
1.91,75.94
1.94,73.14
3.16,62.13
1.93,56.25
1.80,78.51
1.72,59.33
1.69,83.24
1.71,72.68
1.94,39.03
1.81,49.18
1.39,54.19
1.88,75.24
1.81,67.48
1.73,60.66
1.49,66.97
1.64,64.78
1.60,60.62
1.50,78.72
1.66,74.85
1.79,85.11
1.69,76.32
1.46,73.11
1.65,62.68
1.74,58.60
1.64,83.46
1.54,65.10
1.78,87.34
1.70,67.69
1.70,62.59
1.73,90.48
1.91,51.77
1.68,61.32
1.74,73.39
1.72,63.98
1.51,88.01
1.63,63.64
1.59,66.06
1.70,66.06
1.68,62.07
1.70,71.19
1.84,66.03
2.29,44.06
1.84,78.19
1.58,66.40
1.79,56.83
1.80,75.14
1.80,61.18
1.84,87.50
1.66,94.28
2.02,70.14
1.81,78.34
1.57,74.07
3.34,45.89
2.15,50.14
1.67,45.71
1.78,50.82
1.59,68.76
1.74,36.53
1.71,36.13
1.83,69.50
1.66,29.57
1.85,92.23
1.87,74.14
1.40,54.63
1.83,65.00
1.53,59.94
1.66,51.51
1.73,72.29
1.90,43.57
1.63,43.96
1.80,22.60
1.61,43.84
1.53,90.15
1.41,70.69
1.57,71.71
1.67,75.92
1.76,96.40
2.28,85.47
1.98,86.57
1.74,57.34
1.72,39.67
1.94,42.47
1.75,53.89
1.81,59.99
1.68,51.16
1.57,58.46
1.49,69.61
1.50,51.11
1.68,61.19
1.66,77.64
1.65,56.24
1.83,47.34
1.76,73.24
1.42,54.62
1.44,62.95
1.81,55.43
1.52,100.54
1.64,61.58
1.67,46.96
1.61,36.70
1.66,79.68
1.81,94.42
3.50,57.19
1.81,54.05
1.64,58.76
1.55,71.48
1.66,95.38
1.99,100.42
2.02,-54.24
2.11,61.71
2.20,36.17
2.08,79.72
2.19,64.15
1.85,91.78
1.73,64.21
1.90,40.29
2.20,39.38
1.97,40.71
2.07,42.17
1.78,94.09
1.72,72.13
1.82,79.88
1.88,92.30
1.76,60.51
1.70,71.39
1.77,74.27
1.69,58.82
1.60,85.35
1.96,50.32
1.95,78.64
1.54,76.03
1.64,60.49
1.98,89.51
1.83,62.28
1.88,70.61
1.75,57.50
1.87,50.51
1.78,92.62
1.78,76.73
1.80,54.98
1.69,92.37
1.74,75.07
1.64,66.06
1.66,74.85
1.82,85.43
1.74,74.44
1.60,75.77
1.71,87.61
1.84,92.10
1.94,80.55
1.67,68.40
1.42,89.73
3.50,86.51
1.73,63.40
1.96,53.17
1.69,76.31
1.76,60.58
1.49,74.15
1.71,45.57
1.59,41.82
1.79,74.75
1.65,93.89
1.65,64.40
1.41,60.59
1.78,79.67
1.80,86.26
1.54,79.41
1.73,78.62
1.52,90.34
1.51,52.19
1.41,66.31
1.61,68.11
1.86,79.49
1.39,71.05
1.55,67.90
1.46,91.16
1.50,60.47
1.66,88.67
1.45,62.83
1.69,63.94
1.55,93.10
1.76,65.68
1.70,66.65
1.75,58.80
1.70,34.71
1.60,73.69
1.58,60.33
1.69,77.02
1.80,83.39
1.81,89.93
1.59,58.67
1.45,86.98
1.64,64.27
2.18,76.28
1.71,69.49
1.50,53.19
1.55,59.87
1.63,55.81
1.63,78.73
1.51,67.38
1.74,76.81
1.64,64.62
3.52,79.56
1.92,28.29
1.64,52.91
1.63,49.13
1.77,101.67
1.51,80.91
1.56,74.13
1.75,84.73
1.74,82.16
1.73,56.95
1.52,97.27
1.60,80.74
1.57,64.15
1.73,65.98
1.83,47.59
1.89,83.39
1.76,65.31
1.61,60.18
1.60,86.26
1.50,67.19
1.75,87.56
1.56,62.84
1.90,83.17
1.79,76.60
1.53,66.69
1.49,64.02
1.67,48.41
1.54,66.48
1.49,59.21
1.59,68.10
1.58,63.44
1.79,62.07
1.64,62.33
1.95,81.51
1.57,58.33
1.75,63.44
2.28,26.66
2.11,31.49
2.08,63.61
1.60,61.74
1.64,89.21
1.59,63.88
1.70,69.83
1.69,60.48
1.38,58.29
1.65,72.00
1.49,68.63
1.63,77.70
1.60,58.78
1.73,78.16
4.50,85.91
2.51,41.21
2.18,49.52
2.11,72.28
2.89,80.23
2.76,34.84
2.24,68.00
1.72,68.34
2.03,83.58
1.74,84.84
1.59,68.84
1.79,70.82
1.61,74.76
1.52,86.14
1.73,80.03
1.70,67.09
1.75,64.36
2.05,81.68
1.76,71.04
2.04,-139.51
1.70,67.33
1.74,85.99
1.80,68.13
1.89,86.46
2.04,54.87
2.17,59.29
1.78,95.05
1.83,40.08
1.72,60.40
2.10,87.07
2.19,61.13
2.12,47.09
1.93,50.74
1.78,78.00
1.98,83.52
1.92,62.36
1.88,86.51
1.51,89.50
1.82,63.75
2.00,81.13
2.12,69.24
1.60,73.48
1.56,89.52
1.69,60.70
1.70,75.51
1.78,85.59
1.84,77.94
1.89,70.10
1.48,98.32
1.64,82.35
3.63,82.02
2.76,79.47
1.75,61.64
1.93,90.96
1.79,45.21
1.46,82.58
1.50,83.36
1.49,87.70
1.76,98.00
1.76,79.00
1.96,58.03
1.84,76.70
1.63,79.29
1.55,64.70
1.62,93.03
1.39,82.32
1.48,70.73
1.58,103.15
1.73,82.67
1.79,81.59
1.60,57.24
1.61,71.30
1.83,105.21
1.71,84.01
1.73,89.58
1.91,74.85
2.08,35.38
1.44,67.17
1.81,66.93
1.59,22.97
1.48,65.86
2.01,77.06
1.85,57.31
1.64,75.83
1.76,79.61
1.54,78.59
1.66,75.08
1.76,88.83
1.64,61.92
1.70,70.56
1.63,77.96
1.87,67.71
1.77,50.79
1.49,64.20
1.53,84.41
1.48,57.16
1.62,37.36
1.45,80.15
1.59,42.27
1.60,65.91
3.89,77.97
1.69,61.00
1.54,70.50
1.66,84.98
1.64,77.42
1.47,83.34
1.89,91.82
1.88,66.17
1.82,62.91
1.76,79.83
1.94,99.72
1.72,53.01
1.65,60.27
1.56,73.61
1.60,67.34
1.44,85.31
1.42,63.61
1.51,80.32
1.51,80.27
1.59,97.20
1.62,53.04
1.59,82.17
1.65,79.45
1.62,67.23
1.91,69.83
1.61,54.88
1.72,79.63
1.47,96.68
1.89,65.58
1.55,69.48
1.60,80.63
1.60,71.42
1.74,53.75
1.75,70.79
1.53,61.97
1.73,63.23
1.87,60.26
1.55,66.41
1.53,85.64
1.72,88.58
1.59,80.64
1.62,53.56
1.44,85.31
1.63,62.88
1.73,97.25
1.63,62.59
1.68,92.98
1.98,85.93
1.71,-63.99
1.85,62.81
4.77,88.93
2.21,76.74
1.58,59.82
1.60,57.69
1.65,79.12
1.51,81.44
1.55,80.63
2.17,57.05
1.74,49.07
1.87,74.65
1.42,45.61
1.53,79.51
1.90,89.78
2.08,53.25
1.87,88.35
1.69,69.38
1.71,76.75
1.62,69.53
1.80,88.86
1.78,71.62
1.86,62.96
1.80,61.04
1.56,59.61
1.68,61.42
1.68,93.36
1.53,71.86
1.60,61.94
1.58,68.06
1.68,67.54
1.72,58.14
1.74,45.63
1.86,66.49
1.84,72.68
2.45,32.19
1.92,85.56
1.73,78.71
1.89,51.91
1.53,61.36
1.66,45.20
2.47,58.57
1.85,80.68
1.62,81.39
1.76,77.82
1.68,49.67
1.68,60.43
1.70,92.97
1.64,70.09
1.60,64.24
1.68,89.26
1.70,70.63
2.99,92.92
2.22,41.18
2.08,79.68
1.76,79.95
1.85,88.74
1.87,68.53
1.60,91.11
1.43,74.94
2.00,78.21
1.76,81.28
1.64,90.60
2.03,76.97
1.87,57.46
1.74,45.73
1.54,93.28
1.73,86.29
1.81,66.27
1.77,70.32
1.76,45.00
1.78,94.75
1.62,73.72
1.52,85.83
1.53,72.30
1.48,99.51
1.67,80.99
1.72,77.94
1.96,68.17
1.64,68.64
1.63,74.32
1.64,74.45
1.48,80.52
1.80,86.77
1.95,70.07
1.75,92.42
1.73,93.62
1.49,70.37
1.44,57.10
1.99,66.65
1.82,84.45
1.69,85.98
1.92,69.99
1.75,74.18
1.84,72.72
1.72,76.58
1.69,75.14
1.94,70.55
1.85,70.69
1.74,76.22
1.70,52.35
1.73,82.36
2.84,79.10
1.74,82.26
1.47,73.95
1.30,73.16
1.40,87.99
1.69,75.80
1.66,89.62
1.56,64.02
1.57,61.79
1.43,69.39
1.72,65.30
1.63,85.38
1.74,66.14
2.22,59.79
1.62,9.90
1.46,99.22
1.66,90.19
1.55,78.97
1.75,79.28
1.74,64.13
1.62,69.56
1.53,83.23
1.79,58.23
1.79,85.28
1.55,85.66
1.83,71.67
1.83,73.33
1.61,91.41
1.51,93.76
1.60,85.50
1.84,87.51
1.49,83.39
1.56,73.44
1.43,77.57
1.93,72.15
1.64,77.23
1.55,85.27
1.78,82.48
1.62,80.23
1.40,89.54
1.52,70.28
1.58,82.96
1.67,67.44
1.49,85.72
1.53,72.36
1.40,74.17
1.48,88.81
1.80,61.80
1.96,61.87
1.67,76.78
2.55,93.27
2.13,5.96
1.67,76.09
1.70,61.88
1.72,57.75
1.57,86.96
1.70,55.48
1.63,76.14
1.72,76.44
1.86,62.50
1.68,45.25
1.87,66.44
2.07,65.23
1.81,68.23
1.71,68.38
1.63,71.54
1.75,68.62
1.39,90.80
1.61,96.70
1.60,90.39
1.56,66.69
1.93,77.25
1.77,62.64
2.01,50.80
1.73,68.77
1.72,87.12
2.19,31.98
2.10,64.82
2.01,75.75
1.69,84.86
1.63,75.80
1.64,59.84
1.80,71.37
1.89,90.30
1.77,86.31
1.69,80.39
1.89,71.32
2.03,72.39
2.17,71.56
1.73,65.89
1.80,48.37
1.58,75.58
1.65,88.23
1.66,69.25
1.75,28.93
1.70,75.07
1.72,82.03
1.54,82.77
1.52,75.03
1.44,84.99
2.29,87.53
1.43,69.93
1.50,81.37
1.65,89.14
1.80,73.67
1.96,80.90
1.88,53.97
1.63,70.26
1.66,90.97
1.64,87.80
1.78,70.35
1.73,66.22
1.74,76.12
1.78,68.49
1.93,67.14
1.71,70.03
1.87,75.93
1.85,75.68
2.08,55.98
1.72,64.98
1.53,65.90
1.83,67.36
1.73,91.84
1.96,63.12
1.70,85.26
1.86,72.76
1.69,65.21
1.66,67.61
1.83,74.16
1.80,79.65
1.69,67.32
1.60,67.11
2.21,86.51
2.11,36.32
1.62,75.89
1.54,68.37
1.69,77.86
1.59,68.34
1.60,62.97
1.89,78.57
1.81,63.37
1.53,70.92
1.60,70.78
1.62,63.45
1.78,86.67
1.97,57.27
1.97,59.90
1.92,66.13
1.62,85.60
1.38,55.81
2.69,80.58
1.66,64.86
1.68,66.73
1.51,58.48
1.73,84.92
1.82,91.83
1.79,68.33
1.73,74.43
1.55,72.22
1.65,94.75
1.76,72.77
1.64,94.29
1.77,68.18
1.83,48.12
1.78,83.76
2.10,76.14
2.07,61.65
1.96,44.43
1.53,54.63
1.82,58.14
1.72,90.56
1.70,82.97
1.60,78.93
1.79,39.99
1.65,73.87
1.74,62.50
1.67,87.92
1.66,68.00
1.68,65.49
1.76,83.68
1.57,86.41
1.69,73.01
1.76,97.31
1.66,81.46
2.02,76.13
1.84,34.04
1.76,52.17
1.73,88.20
1.84,78.12
1.89,71.73
1.90,60.34
1.62,79.20
1.62,83.07
1.73,61.52
1.79,62.91
1.76,62.29
1.97,81.97
1.60,75.73
1.59,72.53
1.56,88.58
2.65,77.77
1.92,64.27
1.56,-0.17
1.58,68.90
1.65,81.78
1.87,75.19
1.85,77.07
1.71,67.39
2.08,65.67
1.66,71.81
1.60,80.01
1.59,97.71
1.67,93.23
1.66,76.11
1.73,29.16
1.48,84.49
1.64,82.16
1.56,76.20
1.61,68.91
1.63,59.92
1.46,81.71
1.66,86.56
1.52,100.30
1.53,63.78
1.57,86.79
1.84,91.44
1.60,73.85
1.75,75.58
1.55,90.70
1.55,78.09
1.74,95.00
1.71,61.44
1.98,74.17
1.96,77.43
2.14,67.44
1.90,64.76
1.69,77.94
1.66,75.49
1.52,50.63
1.74,85.73
1.67,88.19
1.66,82.80
1.66,82.67
1.79,97.56
1.93,74.95
1.52,86.59
1.86,96.43
1.90,74.12
1.52,81.74
1.56,58.93
3.29,92.69
1.90,60.32
1.68,59.53
1.55,86.91
1.54,76.05
1.60,95.82
1.82,83.82
2.07,82.53
1.58,76.27
1.51,93.73
1.69,82.13
1.79,82.02
1.81,73.47
1.51,81.48
1.70,97.01
1.65,81.81
1.75,90.90
1.61,75.53
1.51,67.08
1.47,84.83
1.48,85.33
1.54,82.26
1.62,78.34
1.52,96.32
1.67,87.76
1.51,77.15
1.63,81.35
1.57,87.61
1.49,89.46
1.53,91.81
1.52,72.19
1.42,91.86
1.53,85.48
1.77,96.72
1.49,92.00
1.84,56.09
1.68,63.72
1.61,97.15
1.82,82.64
2.52,78.05
3.21,61.27
2.12,64.29
1.64,72.23
1.59,70.63
1.50,69.87
1.59,45.04
1.66,88.88
1.64,64.87
1.61,67.03
1.52,94.41
2.85,91.73
1.99,97.58
1.84,66.10
1.87,57.11
1.70,77.24
1.57,79.90
1.60,82.58
1.58,86.03
1.51,99.65
1.39,77.58
1.45,85.66
1.50,68.18
1.29,79.86
1.68,87.93
1.60,56.61
1.40,65.10
1.58,92.05
1.61,79.36
1.57,72.73
1.52,52.28
1.59,97.45
1.71,93.43
1.65,99.99
1.41,95.69
1.65,74.99
1.74,76.88
1.98,60.27
1.68,92.63
1.70,60.77
1.73,81.80
1.71,99.78
1.43,79.09
1.64,73.94
1.52,89.70
1.49,54.51
1.53,60.52
1.59,81.38
1.61,70.51
1.74,83.18
1.45,58.08
1.60,86.10
1.49,68.84
1.34,81.66
1.49,91.71
1.63,79.82
1.61,84.38
1.75,63.00
1.88,97.76
2.00,101.72
1.77,58.01
2.77,90.20
1.91,49.17
1.69,77.45
1.63,86.08
1.81,79.91
1.78,47.18
1.54,53.96
1.62,67.30
1.66,82.68
1.61,84.56
1.70,81.20
1.89,67.28
1.49,74.08
1.65,69.03
1.48,86.23
1.71,53.42
1.41,84.35
1.59,72.71
1.58,53.35
1.36,92.56
1.59,77.97
1.64,62.00
1.55,87.26
1.64,64.78
1.48,51.69
1.63,55.86
1.55,66.40
1.50,71.59
1.92,62.42
2.33,75.23
1.83,70.75
1.87,56.71
2.04,62.54
1.76,76.86
1.82,50.98
1.39,47.39
1.58,75.68
1.56,96.99
1.42,91.16
1.56,98.28
1.67,80.45
1.80,67.50
1.45,79.71
1.51,68.04
1.56,86.01
1.78,74.44
1.57,78.48
1.72,55.50
2.57,85.61
1.75,60.39
2.86,78.59
2.16,86.58
1.98,70.91
1.73,53.00
2.12,81.17
1.89,78.25
2.19,66.10
2.62,49.39
1.64,62.05
1.74,73.53
1.92,58.27
1.51,93.49
2.01,95.97
2.50,88.91
2.15,82.65
1.86,65.14
1.74,83.67
1.89,90.00
1.69,64.04
1.72,84.85
1.66,82.80
1.81,82.47
2.09,70.34
2.98,77.88
2.16,61.69
1.68,93.54
1.98,86.65
1.84,53.12
1.60,70.25
2.10,62.68
2.72,56.39
2.08,54.92
1.56,83.69
1.77,67.07
2.23,83.64
2.24,100.33
1.65,66.89
1.85,75.35
2.48,45.80
1.94,73.84
1.52,71.38
1.66,67.70
1.47,84.76
1.42,89.98
1.99,87.15
1.78,78.44
2.08,88.53
1.82,72.97
1.71,79.56
1.64,48.42
3.13,83.37
1.81,68.43
1.72,63.53
1.53,83.66
1.81,67.48
1.76,57.38
1.72,49.81
1.52,96.43
1.44,88.52
1.55,59.22
1.64,82.19
1.77,76.71
1.47,77.95
1.55,90.28
1.60,90.14
1.54,81.17
1.53,73.68
1.38,82.69
1.38,96.29
1.38,94.44
2.01,84.50
1.62,97.66
1.55,72.82
1.47,92.80
1.55,95.84
1.60,68.56
1.50,88.83
1.56,73.66
1.56,84.15
1.51,84.05
1.69,67.79
1.45,77.48
1.66,50.38
1.47,65.70
1.52,70.23
1.49,78.25
1.51,80.31
1.43,70.50
1.35,74.06
1.66,86.37
1.55,74.54
1.44,66.52
1.62,75.21
1.59,54.13
1.85,82.45
2.37,68.31
2.37,21.54
1.93,63.69
1.83,87.66
1.68,35.12
2.43,73.56
1.80,71.46
1.52,105.10
1.45,89.41
1.50,87.55
1.67,84.63
1.62,75.30
1.95,57.85
1.48,71.74
1.76,82.28
2.28,85.56
1.81,68.39
1.87,101.22
1.69,74.99
1.55,72.09
1.53,87.26
2.17,58.55
1.96,71.14
2.12,59.56
1.73,38.44
1.43,81.55
1.73,90.00
1.72,51.01
1.60,69.91
1.53,67.95
1.66,56.41
1.83,78.49
1.85,55.63
2.13,65.65
2.70,81.73
2.05,87.42
1.58,93.20
1.60,68.73
1.66,46.48
1.77,45.29
2.01,87.01
1.65,64.41
1.58,71.91
1.50,70.89
1.76,69.47
1.62,87.19
1.64,86.68
1.50,83.19
1.63,73.12
1.59,62.96
1.86,65.84
1.84,59.07
1.85,67.67
1.83,75.84
1.74,86.76
3.27,94.15
2.42,69.11
1.83,73.22
1.42,75.19
1.30,83.29
1.25,81.62
1.28,69.54
1.43,82.46
1.50,87.16
1.74,71.51
1.72,71.20
1.50,83.41
1.64,62.00
1.59,85.30
1.49,90.81
1.52,67.67
1.67,75.30
1.57,63.77
1.45,82.96
1.55,78.36
1.65,65.56
1.53,52.97
1.47,80.09
1.28,68.28
1.72,66.46
1.87,73.83
1.47,50.97
1.59,87.78
1.51,71.07
1.46,75.85
1.47,81.95
1.51,98.17
1.47,86.01
1.41,71.92
1.69,82.39
1.64,84.65
1.61,84.94
1.49,84.99
1.59,88.52
1.51,78.30
1.57,86.16
1.67,97.05
1.41,90.52
1.68,63.40
1.62,68.88
1.62,47.37
1.99,70.75
1.66,70.98
1.76,87.40
2.05,79.33
2.97,89.77
1.57,38.03
1.51,64.24
1.76,92.20
1.45,98.86
1.63,88.42
1.66,41.67
1.70,63.53
1.51,96.88
1.38,93.60
1.50,65.08
1.43,77.58
1.56,87.80
1.77,40.93
1.50,58.78
1.76,58.65
1.54,58.77
1.57,66.34
1.82,86.76
1.62,86.13
1.70,92.52
1.48,55.77
1.59,85.69
1.58,93.98
1.50,84.82
1.74,69.54
1.43,76.94
1.47,72.73
1.46,62.64
2.03,74.04
2.40,56.58
1.63,65.51
1.64,66.31
1.72,86.99
1.58,41.27
1.45,65.44
1.43,58.10
1.61,88.00
1.68,91.75
1.52,64.89
1.71,78.28
2.02,65.35
1.71,66.51
1.59,67.93
1.76,87.57
1.81,87.58
1.49,93.04
1.52,92.57
1.46,101.45
1.73,79.58
2.64,71.70
1.64,55.61
1.49,68.66
1.45,94.01
1.71,57.80
1.51,64.98
1.74,71.82
1.41,74.61
1.39,95.28
1.59,79.79
1.62,88.70
1.51,62.44
1.65,74.09
1.37,60.69
1.72,89.14
1.55,84.04
1.68,87.15
1.52,94.75
1.54,76.05
1.62,95.94
1.61,88.38
1.70,80.31
1.64,57.98
1.72,87.73
1.80,61.88
1.64,82.07
1.63,77.64
1.63,70.30
1.44,74.78
1.70,80.05
1.72,91.18
1.47,34.94
1.42,79.89
1.57,98.85
1.81,68.56
1.73,35.02
1.59,52.86
1.44,68.60
1.42,94.17
1.45,85.55
1.53,93.96
1.86,81.79
1.73,93.12
1.51,84.34
1.40,82.09
2.25,67.64
1.66,91.84
1.56,82.90
1.53,84.60
1.61,92.44
3.34,85.97
1.73,85.66
1.48,65.63
1.63,66.01
1.69,88.97
1.46,74.94
1.51,92.02
1.48,93.44
1.65,93.02
1.67,69.30
1.55,69.91
1.59,88.45
1.67,90.90
1.48,75.68
1.46,92.73
1.44,61.99
1.60,93.50
1.51,83.85
1.37,65.13
1.38,77.74
1.40,86.14
1.60,94.12
1.63,85.99
1.84,74.04
1.54,73.72
1.45,63.88
1.49,99.55
1.57,79.90
1.53,63.27
1.65,73.31
1.90,97.66
1.62,65.48
1.62,46.60
1.58,87.33
1.64,42.27
1.52,92.67
1.70,95.98
2.08,90.71
1.77,55.06
2.22,51.96
1.77,37.83
1.72,95.70
1.91,99.02
1.62,98.27
1.68,96.41
1.84,92.27
1.84,35.21
1.38,90.49
1.56,56.28
1.92,70.39
2.24,84.16
1.54,81.76
1.79,76.74
1.54,83.91
1.63,82.42
1.53,78.98
1.77,90.66
2.15,46.23
1.90,81.91
2.25,71.03
1.69,59.28
1.49,74.03
1.43,75.73
1.62,88.13
1.39,66.75
1.57,100.64
1.96,22.29
1.95,57.43
1.82,76.50
1.82,62.70
1.98,85.17
2.79,74.74
3.08,76.58
1.94,70.25
2.12,68.31
1.76,85.46
1.69,95.57
1.73,66.39
1.66,92.83
1.65,93.53
1.50,93.49
1.66,96.90
1.41,55.96
1.52,70.89
1.51,83.57
1.37,90.13
1.46,92.83
1.66,94.96
1.64,76.36
1.89,89.32
1.60,85.22
1.71,51.51
1.78,86.02
1.86,82.96
2.30,66.38
1.90,41.46
1.71,86.64
1.51,97.74
1.51,47.24
1.45,63.20
2.08,67.90
1.57,91.32
1.38,59.64
1.41,90.45
1.29,86.52
1.34,96.39
1.51,101.81
1.54,97.15
1.42,80.27
1.36,87.48
1.43,57.20
1.72,45.38
1.45,85.30
1.31,87.86
1.48,75.37
1.58,73.21
1.47,82.85
1.48,78.58
1.36,92.88
1.43,65.56
1.48,67.57
1.33,72.05
1.48,64.15
1.43,64.05
1.70,94.42
1.60,74.67
1.55,-6.56
1.30,24.64
1.48,41.49
1.36,94.63
1.43,88.27
1.49,88.53
1.52,80.05
1.46,78.81
1.49,97.68
1.48,42.68
1.40,63.85
1.82,59.80
1.93,42.96
2.04,66.78
1.54,62.95
1.59,91.16
1.52,88.44
1.62,89.04
1.60,86.55
1.28,66.86
1.98,97.08
1.84,37.27
1.60,31.36
1.79,59.13
2.32,82.98
1.52,73.37
1.61,99.98
1.49,86.89
1.76,77.58
1.46,42.85
1.57,101.40
1.57,48.58
1.79,23.27
1.52,72.01
1.62,75.63
1.54,89.04
1.79,77.14
1.74,80.85
1.81,79.70
1.89,76.03
1.90,75.29
1.60,90.41
1.64,87.04
1.75,84.46
1.70,91.70
1.72,77.17
1.97,34.20
1.56,67.61
1.65,95.85
1.35,94.43
1.52,72.13
1.68,78.71
1.86,63.21
1.41,82.03
1.68,50.95
1.57,39.51
1.68,54.96
1.59,44.88
1.59,91.83
1.60,87.51
1.46,81.34
1.49,75.63
1.31,92.66
1.43,96.93
1.54,92.82
1.56,61.01
1.85,58.47
1.63,59.77
1.72,62.87
1.73,80.36
1.69,97.88
1.93,59.13
1.56,92.62
1.37,95.66
2.32,98.11
1.77,61.64
1.45,84.91
1.51,99.47
1.58,58.01
1.98,86.39
1.71,34.21
1.67,81.86
1.58,87.99
1.62,89.90
1.78,65.97
1.80,47.91
1.59,52.10
1.69,71.50
1.40,66.73
1.75,83.58
1.80,94.94
1.68,64.75
1.51,100.63
1.50,67.95
1.30,100.77
1.53,78.94
1.58,46.01
1.57,47.79
1.58,0.44
1.78,75.30
1.65,90.72
1.61,76.19
1.55,63.69
1.52,52.82
1.87,74.96
1.75,83.83
1.50,74.55
1.78,83.77
1.46,95.31
1.48,94.40
1.51,38.31
1.57,95.39
2.13,17.38
1.62,80.43
1.74,97.07
1.67,79.79
1.52,38.70
1.48,38.45
1.57,68.51
1.62,71.27
2.09,91.26
1.69,80.65
1.59,94.55
1.93,96.17
2.32,10.02
1.62,73.71
1.51,69.19
1.85,83.03
1.80,70.28
1.50,61.82
1.55,69.53
1.77,90.12
1.66,95.84
1.49,40.71
1.52,83.05
1.70,96.09
2.08,59.79
2.15,46.50
2.01,92.05
1.72,90.35
1.49,8.61
1.44,46.63
1.67,77.05
1.39,70.90
1.60,69.36
1.74,93.77
1.70,62.92
1.48,68.17
1.57,85.26
1.42,69.48
1.43,76.53
1.38,70.19
1.53,76.04
1.64,42.39
1.50,91.31
1.60,55.65
1.93,84.86
1.98,90.87
1.50,69.19
1.68,87.75
1.60,92.67
1.48,80.85
1.79,60.06
1.88,100.57
2.01,23.21
1.57,93.01
1.62,93.71
1.62,59.00
1.71,88.98
1.76,90.66
1.64,53.16
1.79,81.15
1.79,88.17
1.46,82.04
2.40,89.09
1.50,62.25
1.81,87.35
1.49,75.25
1.46,76.81
1.49,34.93
1.29,70.82
1.60,68.34
1.58,99.94
1.71,71.66
1.91,78.71
1.71,94.59
1.57,76.58
1.44,74.30
1.46,88.18
1.41,97.36
1.38,80.76
1.75,71.16
1.54,80.27
1.67,87.53
1.77,42.75
1.54,77.04
1.58,51.17
1.84,87.92
2.33,77.50
1.95,23.38
1.56,82.52
1.44,69.22
1.30,86.82
1.87,82.02
1.58,97.26
1.57,19.08
1.76,74.09
2.06,64.49
1.95,38.42
1.75,70.14
1.56,94.85
1.38,96.58
1.91,34.73
1.73,52.69
1.94,59.11
1.59,82.65
1.68,95.38
1.59,93.41
1.73,88.98
1.90,63.16
1.73,81.99
1.51,90.28
1.77,62.94
1.40,87.98
2.28,73.12
1.68,54.29
1.73,80.89
1.47,25.80
1.27,95.94
1.54,92.18
1.65,71.41
1.66,89.55
1.41,99.33
1.41,96.15
1.58,84.53
1.39,90.48
1.49,93.14
1.71,80.98
1.47,81.10
1.41,50.07
1.48,65.91
1.48,89.80
1.69,65.29
1.84,81.48
1.56,72.84
1.48,91.87
1.43,46.30
1.60,62.03
1.43,45.05
1.56,87.53
1.79,36.19
1.63,66.74
1.77,95.35
2.29,93.88
1.73,51.01
1.60,59.03
1.52,82.38
1.45,73.55
1.51,94.81
1.37,83.03
1.55,60.08
1.76,49.55
1.76,65.91
1.53,58.15
1.57,19.34
1.58,89.08
1.63,65.28
1.58,78.11
1.39,44.68
1.43,75.64
1.43,71.77
1.54,87.42
1.69,86.63
1.71,80.41
2.47,73.84
1.89,92.71
1.52,74.52
1.62,100.52
1.74,95.13
1.48,79.68
1.53,86.90
1.42,39.60
1.51,66.09
1.49,90.80
1.52,95.95
1.58,91.65
1.70,93.00
1.46,58.33
1.69,74.92
1.57,84.32
1.51,70.52
1.42,89.61
1.58,81.49
1.44,93.34
1.39,104.86
1.63,90.29
1.84,65.62
1.80,71.97
1.44,90.85
1.50,51.11
2.32,66.76
1.84,56.78
1.50,67.58
1.71,69.35
1.55,84.62
1.55,85.40
1.63,62.49
1.72,82.21
1.56,38.44
1.54,73.25
1.52,80.24
1.53,36.23
1.46,91.59
1.82,80.82
1.51,82.88
1.55,92.11
1.54,29.09
1.43,103.06
1.43,89.89
1.49,46.31
1.61,64.73
1.70,93.06
1.58,69.42
1.58,99.97
3.60,74.62
2.05,54.08
1.87,67.77
1.66,75.62
1.78,69.08
1.71,74.93
1.95,80.66
1.49,75.28
1.31,78.47
1.74,90.11
1.58,72.98
1.47,91.44
1.59,41.20
1.67,65.74
1.72,89.68
1.35,96.71
1.66,69.47
1.61,48.23
1.80,75.37
2.09,75.60
1.71,41.64
1.59,6.57
1.86,67.38
2.20,81.01
1.65,54.54
1.56,69.71
1.67,30.61
1.71,72.32
1.62,74.74
1.47,80.61
1.50,92.24
1.47,98.08
1.57,77.22
2.46,71.40
1.97,67.90
1.77,59.39
1.44,50.82
1.94,73.85
2.34,58.08
2.01,50.03
1.79,73.17
1.57,67.60
1.59,60.95
1.57,93.11
1.58,17.66
1.53,75.66
1.54,99.99
1.54,87.92
1.51,71.59
1.53,75.17
2.03,68.37
1.56,88.45
1.69,87.58
1.48,90.56
1.74,59.95
1.58,75.66
1.59,55.87
1.49,86.27
1.84,61.67
1.34,51.28
1.64,63.11
1.54,50.04
1.55,74.48
1.54,64.54
1.45,68.28
1.55,91.75
1.64,76.76
1.31,53.77
1.44,92.53
1.70,48.78
1.83,50.73
1.48,57.05
1.77,89.21
1.88,90.74
1.62,72.93
1.62,75.32
1.68,63.36
1.86,68.82
1.74,96.23
1.82,63.27
1.50,92.45
1.38,91.22
1.54,35.89
1.40,61.07
1.54,72.10
1.40,66.86
1.36,83.39
1.59,85.17
1.85,90.63
1.67,81.22
1.70,77.92
1.57,50.25
1.73,76.71
1.56,63.03
1.47,57.36
1.68,42.10
1.47,60.50
1.56,78.78
1.70,74.93
1.53,61.47
2.77,63.28
1.87,38.62
1.83,68.98
1.83,81.17
1.60,80.22
1.82,84.46
1.57,41.02
1.42,73.63
1.80,80.69
1.51,44.75
1.48,76.54
1.62,81.47
1.59,82.93
1.64,56.49
1.62,64.09
2.24,50.52
1.72,39.93
1.77,84.06
1.50,80.06
1.57,54.99
1.53,50.65
1.41,89.35
1.48,92.72
1.48,87.16
1.39,96.92
2.44,62.17
1.82,71.78
1.70,81.36
1.64,73.16
1.65,76.73
1.53,81.16
1.72,86.08
2.10,40.37
2.36,56.07
1.92,42.73
1.53,70.39
1.50,70.22
2.29,32.63
1.91,28.95
1.67,77.70
1.35,86.22
1.40,97.14
1.54,34.17
1.51,85.12
1.60,86.39
1.73,72.33
1.47,55.72
1.33,83.78
1.51,84.47
1.36,56.63
2.26,86.17
1.54,66.45
1.56,88.29
1.53,87.11
1.59,64.92
1.46,67.25
1.46,79.47
1.33,99.42
1.41,64.21
1.71,79.11
1.47,57.15
1.38,48.03
1.35,86.65
1.82,81.50
2.19,64.47
1.58,63.48
1.40,59.82
1.35,90.44
1.69,71.80
1.48,49.89
1.46,49.18
1.71,85.61
1.85,85.64
1.98,76.94
1.42,91.40
1.48,85.65
1.36,89.89
1.44,90.11
1.53,72.97
1.56,97.65
1.58,55.05
1.57,86.54
1.72,61.01
1.43,53.89
1.51,88.62
1.55,83.29
1.86,93.70
2.30,88.25
1.96,77.68
1.62,67.56
1.34,59.35
1.42,88.57
1.46,82.67
1.39,61.53
1.42,86.09
1.75,57.76
1.40,61.48
1.56,87.64
1.82,85.47
1.63,58.15
2.69,37.66
2.02,41.11
1.53,63.03
1.40,84.96
1.58,64.08
1.54,50.74
1.70,86.72
1.55,78.21
1.38,65.09
1.60,56.80
1.43,82.31
1.71,78.84
1.64,83.71
1.56,81.71
1.45,46.78
1.51,88.97
1.88,74.83
1.61,44.46
1.60,82.06
1.51,87.91
1.60,92.01
1.44,97.65
1.69,40.65
1.28,61.13
1.49,79.68
1.73,85.46
1.67,73.94
1.68,88.88
1.55,68.05
1.40,87.47
1.66,73.58
1.64,86.83
1.60,81.61
1.54,75.82
1.38,89.56
1.63,65.45
1.87,61.88
1.36,60.96
1.40,80.00
1.52,83.37
1.66,66.48
1.92,59.39
1.54,23.54
1.72,77.06
1.76,67.36
1.53,65.60
1.45,62.66
1.47,87.16
1.60,74.91
1.53,80.80
2.57,22.43
1.71,73.69
1.89,81.49
1.73,85.49
1.71,57.89
1.52,57.08
1.94,90.67
1.43,62.13
1.51,59.88
2.01,87.74
1.67,47.98
2.15,58.89
1.46,40.25
1.41,91.00
1.41,66.12
1.59,92.74
1.55,70.73
1.59,70.28
1.63,64.61
1.74,76.77
1.60,85.00
1.54,76.74
1.69,76.88
1.73,76.69
1.80,43.13
2.23,79.24
1.58,77.42
1.39,94.79
1.38,82.69
1.51,79.57
1.71,74.31
1.77,84.47
1.67,88.36
1.76,25.39
1.76,47.50
1.64,94.10
1.56,80.94
1.77,78.06
1.35,69.23
1.39,99.17
1.81,70.48
2.00,63.13
2.03,86.76
1.57,91.41
1.38,89.36
1.38,35.00
1.46,85.82
1.51,82.40
1.49,88.52
1.60,75.13
2.42,77.98
1.83,57.74
1.94,71.78
1.48,85.91
1.72,84.24
1.59,79.77
1.67,93.21
1.78,73.57
1.74,84.58
1.43,72.60
1.63,73.12
1.94,91.68
1.96,73.23
1.70,76.02
1.65,83.25
1.92,78.03
1.85,47.10
1.67,82.74
1.43,66.24
1.45,84.89
1.68,54.74
1.58,51.77
1.52,95.30
1.69,77.01
1.75,49.32
1.39,78.65
1.59,77.33
1.33,84.19
1.44,91.71
1.36,61.61
1.73,71.70
1.57,57.46
1.52,68.08
1.47,57.59
1.62,88.85
1.51,68.57
1.50,92.32
1.36,62.78
1.44,91.70
1.63,91.52
1.85,98.00
1.84,16.95
1.91,48.65
1.89,76.69
1.53,61.32
1.68,73.79
1.84,58.21
1.82,71.64
1.70,81.58
2.00,55.60
1.91,31.11
1.52,49.28
1.42,82.79
1.54,86.23
1.69,55.56
1.52,48.14
1.80,49.02
1.79,71.35
1.99,51.90
1.72,82.46
1.42,59.46
1.67,84.38
1.66,62.71
1.63,74.01
1.54,73.34
1.52,77.63
1.51,58.87
1.47,87.56
1.51,92.43
1.70,66.62
1.91,78.76
1.74,80.47
1.61,38.97
1.45,88.11
1.41,73.67
1.50,41.01
1.62,64.55
1.59,80.18
1.96,44.12
2.73,64.40
1.54,78.09
1.37,94.39
1.42,76.89
1.46,81.23
1.52,44.79
1.61,67.31
1.77,42.52
1.55,69.30
1.45,87.83
1.58,81.77
1.61,57.87
1.53,73.04
1.81,88.81
2.36,63.67
1.54,75.24
1.72,75.10
1.61,58.27
1.67,82.96
1.58,83.48
1.65,56.11
3.42,63.68
2.06,40.59
1.78,85.65
1.72,52.60
1.67,84.94
1.85,68.10
1.59,47.14
1.76,92.29
1.81,77.99
1.80,89.25
1.68,35.25
1.62,35.44
1.61,84.23
1.84,46.64
1.69,73.50
1.42,88.50
1.78,41.06
1.51,80.21
1.72,83.18
1.87,86.64
1.84,73.69
1.60,57.52
2.03,66.22
1.90,61.57
1.78,77.01
1.49,87.75
1.85,83.29
1.46,35.85
1.57,74.21
1.58,59.69
1.83,69.23
1.56,90.95
1.97,15.66
1.76,13.23
1.74,55.79
1.51,98.80
1.42,88.67
1.58,85.05
1.59,85.31
1.71,71.50
2.28,39.02
2.03,32.52
1.74,85.82
1.87,97.54
1.94,-0.63
1.71,57.18
2.11,5.84
1.79,87.29
1.64,44.15